1001111111010110
0100111010010101
1100011110000000
1110001101001110
0001010111110010
0101110100000101
0111100000101000
0011111100111011
0000111110011110
0000111001100100
1000010011010101
1010001011111010
0100110011101101
1000111101100101
1011101110101101
1001111100011100
1100101110010111
0101100001001110
1010111111111100
0111110011111111
1001100001110010
1000110010010001
1100100010101011
1011101101110101
1011011100001110
0010010010101011
1100100100100100
1010100101100001
1111100010101111
0101111010110110
0000110010101010
1011011110110001
1001001000000010
0011000100011111
1000111011010110
0110010100110111
1001010101000100
1101011100111100
0111010110100001
1001000010011100
0000101001101110
0101110100101011
0101011001011001
1100101001111101
1010101110010010
0011110110110000
1100001010101110
1010100010000000
1000100010111011
1000000110101110
0010100001001100
1001100101111010
0000100011101110
0010000110110010
0010101010011110
1100100111000100
1111000011111110
1110100001011101
1100010111001000
0100100000001001
0111001100001111
1101101010101110
0011101001101001
0110110011110100
1101110100011001
1001010111010100
0100111101100111
0100111011000001
1000111101110001
1010101110100000
1111001100100100
1011001000001100
0101000000100010
0101000010000010
1100001110101101
0100111101100101
1001000001001001
0001011011011110
1011111000000011
0110101000011111
1001111111100000
1011111011110110
1000001100001000
0000011000010101
1100011011011011
1100000101001111
1100110100111000
0101101000001011
1010111000110100
1111101111000111
1001000100110011
0001111110000011
0100011101110011
0111100100001100
1110011010011011
1101101011010101
0111100110010100
0101100001011101
1100011000111101
1010101100011111
1010101101010101
0010101000110110
0110000001100011
0100111011000100
0110100010110011
0000110010111000
1011001010011011
1010101000110110
1111000100001010
1000100100100111
0011100000011001
1100100000011010
0010001101000101
1000110001100111
0110000111111010
1010110011100010
1000100001111001
0000111010000111
1110110110010101
0000011110110011
0110000010110010
0000101101010001
1111100111111101
1100110010010101
1101111000011101
0101110110000001
1011110110100100
0101100011000110
0000111101100110
0011011101101111
0111011110101101
0010111010011100
1100111011111000
0101011111001100
1101011011000111
0010010100100010
0011101100010100
1100110110000100
0011001110000111
0101010000100000
0011100110101001
1011111010101110
0110010011001101
0011010000100100
0010010100011111
0001000100010100
1000110010000001
0000100010010000
1011111110101101
1000001111011101
0000101011011010
0111101001001000
1011101000010111
0001001010110000
1110000110101000
0100101010100111
0110110000001010
0000111111000000
0110110011010111
0110000010001101
