-2796
-381
1558
-1916
1572
2121
1928
380
-3383
-4242
1596
1060
-578
-183
3001
-5945
1620
2691
-4032
5630
6703
-203
-3219
185
-5628
3648
1939
6175
1044
3427
-293
-1167
1027
1291
2364
1381
494
-2752
-2599
-536
524
-125
-2417
2034
2114
1228
2225
761
-2000
4046
-2848
4799
284
1474
241
-2892
947
1899
-3020
-2909
-149
-1614
5447
-2803
-41
-2354
2208
7100
3061
549
-1876
-3600
1396
1630
-231
339
2704
5494
-5065
2019
298
51
-2308
-2613
-172
-3669
2232
-1176
5128
66
-1799
60
3866
585
642
1151
2078
2041
-4497
2250
6283
-2806
1230
1921
1258
-1623
1637
-765
4393
-670
-6365
2135
-1177
408
-2454
803
2448
-626
-816
1499
-2762
1248
209
25
1434
2389
-4154
2280
-2019
198
692
-430
-4199
-804
-4129
1405
1394
-676
-3405
-302
-2228
-4216
3728
-2683
-176
-19
-2025
-3329
1877
1864
584
-3841
859
-1085
1220
-3024
435
1078
1273
-2869
165
-1664
-4574
-2897
-5295
-830
-56
-1055
3785
5164
1628
-26
-2069
-1944
1079
5754
3519
-350
-8036
-4374
-3986
1119
667
514
581
-1412
-397
3835
3825
2647
7021
-1276
-1641
-781
689
2066
-1107
625
-3025
5452
-1956
3333
-3893
-3033
-395
2392
2755
473
2125
-3733
-4585
-1793
-104
-2751
433
-894
3932
226
-3128
-4
-3382
-1534
-1633
-1331
-2506
-2142
1210
-1558
-775
-2867
276
935
-2005
1979
1695
-231
3488
3074
1320
71
1211
-132
1879
-2094
3796
-897
4256
-1095
2791
-587
1890
-1487
-571
575
5045
625
1043
772
1674
1369
2606
2210
-36
-1909
2114
811
1304
4598
3011
4864
9597
-5460
-68
1157
-2348
-3354
366
136
2463
-1138
-3730
-2077
-1422
-2890
652
-203
-979
-981
401
2086
-509
-1073
-873
372
195
-327
-174
-701
2359
144
-1995
3231
-3536
334
2720
-1971
-1055
757
-2618
1951
1080
-4907
-2624
3564
-3177
-1706
-967
1532
-1461
-1185
1548
2562
-93
108
-5179
2191
-1175
-537
-2884
3948
-448
4361
-186
1816
1997
-1844
-3158
3751
817
826
2286
4766
3525
2496
545
-3278
-1940
-2955
2875
-679
1471
-2041
113
-2251
-6406
-1704
-3329
-997
2815
-2874
-4666
-2944
-1905
-2699
3848
-1083
3273
-2686
-2092
339
3970
2253
1239
-1867
-19
4603
-1271
1030
-1791
-2920
-2602
-5408
962
741
-1135
-689
2506
-265
-2305
-623
-875
-4604
-2279
-296
1324
1951
814
3130
2136
-1071
3723
2244
1089
366
2536
4211
-1522
-266
-4547
-1982
-4756
-2678
1472
-944
2906
616
-2472
-2000
-141
-1354
744
-1539
234
-435
-3109
-2098
4275
-940
-2800
-4952
-1592
582
860
-3179
-1560
-2918
-2269
-4198
225
-294
-2969
-16
-2352
4320
5470
1503
-943
-3046
-981
804
30
3531
469
2155
-944
-4007
2777
1473
-340
-856
-2700
-2542
4741
1075
1948
-1935
123
-2737
1716
-2742
-945
-2272
123
1426
-2273
-2555
-1523
-4365
-3816
318
1543
-618
785
276
2406
314
-953
2003
-5662
3399
-98
915
3403
2919
-2753
-3246
1310
-151
-2536
1565
-437
-3997
-2457
2575
-1715
-2031
-3103
1586
71
2627
-3030
3286
-707
-1186
4897
-2597
2573
-2748
485
6912
-5436
-1472
-3918
352
-7281
-703
4338
698
-4040
2814
-4659
1235
-1358
1353
-3442
1072
3405
2330
-4035
688
-1218
-2468
2283
1478
1060
1753
-797
1518
-1673
-1835
-1867
1980
-966
-314
776
-1159
-4079
826
2087
911
267
-18
4349
1117
1391
-3134
3443
600
206
424
3394
-743
3585
-1392
54
-3005
-792
-655
-5025
1819
-4199
112
1941
3734
-1687
2795
-3937
-218
-2760
-305
-4756
5079
-522
3805
-922
7079
-653
4017
1193
4315
-3403
-1358
-1077
-4822
2802
-673
3442
-1352
-3200
937
-653
4691
2677
-1941
-1102
4450
-1629
-2349
-1807
-1367
3387
171
1153
732
-2061
4275
-709
-2951
-685
2753
-137
-2765
4960
1758
-2007
-1407
-1178
-2665
-3277
858
-2946
-1072
3404
-5765
6348
2306
-6011
814
691
2994
1209
772
561
1914
-115
2164
1897
203
-4644
1334
-2265
-1838
-2846
3189
958
-2826
-2600
-413
343
2242
3055
907
518
-3316
4961
-1878
600
-3160
-1539
279
-157
-69
-769
-4197
-229
1399
-2535
-1722
3739
673
-373
-1968
-1817
779
-393
1924
-2007
2755
-36
-122
542
-2142
1614
1002
-5876
-2713
-704
-3217
1329
2785
5896
-2423
2349
575
-793
2392
-2112
1540
-4337
1713
-866
-1347
-5086
-3545
-4115
54
-3743
2343
-3352
-5232
-960
1899
1811
-3423
2138
1953
3533
-3590
1992
-2500
2846
2515
786
-5638
450
-693
2248
-1649
3044
-796
424
4100
-75
-2214
-252
-7461
-1892
1455
1446
259
-5423
580
-3875
-2664
-2776
8726
-457
3492
5005
-3210
-282
1751
-1141
972
4887
-2160
-494
2931
2552
2870
1798
-908
2053
-3807
2673
-4390
-3620
-3813
-3735
-4248
-2345
2878
-1150
-1533
2731
-4954
-3793
-3161
3831
-2599
