-2795
-381
1557
-1916
1573
2120
1929
381
-3383
-4241
1596
1059
-578
-184
3001
-5946
1620
2692
-4031
5631
6704
-203
-3220
185
-5628
3648
1939
6175
1044
3427
-293
-1165
1027
1291
2365
1380
494
-2751
-2600
-536
524
-124
-2417
2035
2115
1228
2226
762
-1999
4047
-2849
4799
285
1473
240
-2892
947
1898
-3019
-2907
-148
-1613
5448
-2802
-41
-2354
2209
7102
3061
549
-1878
-3600
1396
1630
-231
340
2705
5495
-5066
2019
297
51
-2308
-2613
-172
-3668
2233
-1177
5129
65
-1800
59
3866
584
643
1151
2078
2041
-4498
2251
6281
-2805
1231
1921
1257
-1623
1636
-766
4393
-669
-6365
2136
-1177
408
-2455
803
2449
-625
-816
1498
-2763
1248
210
26
1435
2389
-4155
2279
-2020
197
693
-429
-4200
-804
-4128
1405
1395
-676
-3405
-301
-2228
-4217
3728
-2683
-177
-19
-2025
-3330
1877
1864
583
-3840
859
-1083
1220
-3023
436
1077
1274
-2868
165
-1665
-4573
-2896
-5294
-831
-58
-1055
3785
5165
1630
-26
-2070
-1943
1079
5753
3519
-350
-8037
-4375
-3986
1117
666
515
581
-1411
-397
3834
3824
2648
7021
-1276
-1641
-781
689
2066
-1107
625
-3024
5453
-1957
3333
-3894
-3034
-395
2392
2755
474
2125
-3734
-4585
-1793
-104
-2751
433
-894
3932
226
-3128
-5
-3382
-1535
-1633
-1332
-2505
-2142
1210
-1558
-776
-2868
275
935
-2004
1978
1697
-232
3487
3074
1320
72
1209
-131
1880
-2094
3796
-899
4257
-1096
2792
-587
1889
-1487
-571
573
5046
626
1044
772
1674
1368
2607
2211
-35
-1909
2114
812
1305
4599
3012
4864
9597
-5460
-67
1156
-2347
-3354
366
136
2463
-1139
-3730
-2077
-1422
-2890
651
-203
-978
-981
402
2085
-508
-1072
-873
374
194
-329
-173
-701
2359
142
-1995
3230
-3536
333
2720
-1971
-1055
758
-2618
1950
1080
-4907
-2624
3565
-3177
-1706
-966
1532
-1460
-1185
1548
2561
-93
107
-5178
2191
-1174
-537
-2884
3949
-447
4359
-187
1816
1996
-1845
-3159
3750
817
827
2286
4766
3525
2496
546
-3278
-1939
-2956
2876
-679
1471
-2041
113
-2249
-6406
-1705
-3328
-996
2815
-2874
-4666
-2944
-1906
-2699
3848
-1082
3272
-2686
-2092
340
3971
2255
1238
-1868
-20
4603
-1270
1029
-1790
-2921
-2602
-5408
964
741
-1136
-689
2507
-265
-2306
-622
-876
-4604
-2279
-296
1324
1952
815
3130
2136
-1070
3723
2243
1090
366
2535
4211
-1522
-264
-4548
-1982
-4757
-2678
1471
-943
2906
616
-2471
-2000
-141
-1354
746
-1539
234
-436
-3109
-2097
4274
-939
-2800
-4952
-1591
582
859
-3180
-1560
-2918
-2269
-4197
225
-295
-2970
-16
-2352
4321
5469
1503
-943
-3046
-981
804
30
3530
468
2155
-944
-4006
2779
1472
-340
-856
-2700
-2541
4742
1075
1947
-1936
122
-2738
1715
-2742
-945
-2271
123
1426
-2273
-2556
-1522
-4365
-3816
319
1544
-619
785
275
2406
313
-953
2004
-5662
3400
-99
915
3402
2917
-2752
-3245
1309
-150
-2536
1565
-437
-3996
-2458
2576
-1716
-2031
-3103
1585
72
2625
-3030
3287
-708
-1185
4897
-2596
2573
-2747
485
6912
-5435
-1473
-3918
351
-7282
-702
4337
700
-4041
2815
-4659
1236
-1358
1354
-3442
1072
3405
2328
-4035
687
-1218
-2468
2284
1478
1061
1752
-797
1519
-1672
-1833
-1866
1979
-965
-313
776
-1158
-4079
827
2087
911
270
-17
4348
1117
1389
-3135
3441
602
207
425
3393
-745
3586
-1393
55
-3005
-794
-656
-5027
1819
-4200
111
1941
3734
-1687
2795
-3937
-218
-2759
-305
-4756
5079
-521
3804
-923
7077
-654
4016
1191
4316
-3403
-1357
-1078
-4823
2803
-674
3442
-1354
-3202
938
-653
4692
2676
-1941
-1103
4450
-1630
-2350
-1806
-1366
3387
171
1154
733
-2063
4276
-708
-2950
-684
2753
-138
-2764
4960
1759
-2007
-1409
-1177
-2665
-3276
857
-2945
-1071
3403
-5765
6346
2307
-6011
814
690
2994
1208
772
561
1914
-115
2165
1897
203
-4644
1335
-2266
-1836
-2847
3189
958
-2825
-2602
-414
343
2244
3054
906
518
-3316
4962
-1879
599
-3160
-1539
277
-157
-70
-768
-4197
-229
1398
-2535
-1723
3738
673
-373
-1968
-1817
779
-392
1923
-2008
2755
-35
-122
543
-2141
1615
1002
-5875
-2714
-704
-3217
1328
2785
5895
-2424
2349
574
-794
2392
-2112
1540
-4337
1713
-867
-1348
-5085
-3546
-4113
54
-3744
2343
-3354
-5232
-960
1899
1811
-3424
2136
1953
3533
-3591
1992
-2500
2846
2513
785
-5637
451
-693
2246
-1648
3042
-796
424
4101
-75
-2214
-251
-7461
-1891
1455
1447
257
-5423
581
-3876
-2665
-2777
8726
-457
3493
5006
-3210
-282
1750
-1142
972
4887
-2161
-495
2932
2552
2869
1797
-907
2052
-3807
2671
-4391
-3621
-3813
-3735
-4248
-2346
2878
-1151
-1533
2730
-4955
-3794
-3160
3830
-2598
