1111101011111001
1111010100010011
1110101011101110
1111111010000010
1110110001101010
0000011000010010
1110101010110100
1111100010000010
1110011011111100
0000011000100101
0000011010111100
0000100001000110
0000101011101111
0000011110000100
1111100011001111
0000000101111110
0000111111011010
1111001011001110
0000010011110000
1110111101110001
1111010101010101
0000011000111100
0000110101101100
0000010000100100
0000101001010000
1111110111000000
1111100101011011
1111111101001010
1111110001010011
0000101110111001
1111101111010100
1110100011001011
0001010101110101
0000011001010101
0000110100110011
0000101010000111
0000110001110011
1111000001000011
1111110100111011
0001010111111100
1111000010100000
0001101000101101
0000111010110101
1111111100110101
1111111100110101
1111001101101111
1111110111101011
0000000010111011
1111101010111100
1110101000000110
1111110001111011
0000111000111110
0010000001000110
0000011110010000
0000001010000010
0001100000011010
0000010010110101
0000010000010010
1111001001111011
0000110101100001
0000110100011110
1111111011011101
1110111110101011
1111101101110001
1111111100110011
0000010000000100
0000011011011001
0000010100001010
1111100101011011
0000100100111010
0001000010110010
0000010101100011
1111011101010000
0000000111110000
0000011100001011
1111010101000010
0000101001000010
1111010111011001
1101111001001000
1111110111101101
1111111001100001
0000001000001100
1111011110001101
1111111110000111
1111010110100011
1111011010010011
0000000001110111
0000011111110111
1110111000011010
0000100001000011
0000001010100100
0000010011001101
1111001001100011
0000100010110100
1111011110111101
0000001011111110
0000011011000111
1111100000110000
0000100010101100
0000111111001101
1110111000001001
1111010011011110
0001010110110011
0001001010110111
0000010010110100
0000000100011110
0000010000100100
0000010110111110
1111111101110001
0000000011101100
1111111001001001
1111010010110111
0000111001101001
0000001110110001
0000110011111110
0000011101100111
0000011000101101
1111010000110101
1111001100000101
1111010010100110
1111110000100110
1111111101101100
1110101001011010
1111100110110100
0000010110101101
0001010101000010
1111100010011100
1111010100010010
1111010111110010
1111111111011001
1111101100110000
1111011011001110
0000001100101001
0000100010100001
0000011000010100
0001101110111100
1111101011110000
0000101111110010
0000101000100110
0000001000100110
1111011000111001
1111100010101000
0000011111001011
1111000111110001
0000101011000111
0000010101110110
0000101111001111
0000011001100001
1111010101001111
1111111100011011
0000001011110110
0000000101010110
0000101110001000
0000101010010001
1111100110111101
0001010101110111
0000011100001110
1110110000111000
0000010100010111
0000011111100110
