-1540
-905
351
1922
249
-1972
1231
-1094
-839
-1281
-1658
-886
-1168
-878
-118
202
-1761
-1812
-1709
1882
166
1381
-1352
-982
-1909
644
142
682
-241
-932
1841
934
-559
1270
-1802
-206
1282
-966
-1788
-1057
-1539
-2000
-915
-813
-1310
-1774
1143
-407
1945
-925
-1356
1542
1675
-1239
-240
897
564
1568
-1913
-295
1547
-97
-543
-1063
246
1915
-785
-660
945
824
922
1613
594
-1849
-1030
173
-1119
-486
1729
1741
1929
1770
1395
-1528
231
-547
1686
-763
-860
518
653
-1771
-592
-677
-1321
-2015
-1345
1384
262
-616
-1454
-1645
246
860
-1503
1452
-493
-95
-1515
-933
1825
-106
-1166
1433
-533
-1113
1473
-141
729
-501
1420
460
819
205
1275
591
-1239
1119
589
-60
1756
-943
1286
798
-1083
1856
-113
1008
317
160
-348
-969
-1882
1293
-1816
1679
-806
-691
-1816
-1928
-1531
-1640
-228
-242
794
928
961
-475
1823
1202
977
-1111
-696
-917
1628
1740
485
-1478
-1179
920
-418
966
618
1740
467
-1896
-879
-660
-66
-474
-702
118
-1651
-1952
1085
-1838
1688
-258
556
1316
-1326
212
339
-768
2040
-1434
2024
-1536
-610
127
-1809
243
-60
-1656
1230
-1801
246
-288
690
505
933
1367
-1584
-1417
-1653
-1589
-531
893
-2029
1081
1010
1469
-178
1833
-300
618
312
-950
1601
-1381
-478
-1886
2001
-628
-875
840
-292
1310
1512
1148
-948
-176
-1876
-1410
-1162
1316
-1906
854
-1395
-338
-3
747
997
-1861
270
1851
-1548
533
1094
-969
-1543
911
-945
-965
-1743
-126
-1204
-983
-2035
-1500
-1313
-1565
1055
-1244
52
1804
312
552
-895
1013
-1136
-1715
-1167
21
-357
986
1296
-1302
585
-77
1302
-1605
1291
-1082
-1910
-1867
-57
799
-778
2042
211
-1
892
826
119
-254
1694
952
-1449
-1227
-320
-1626
-313
-854
719
366
1443
-2024
-1709
69
1069
699
-1671
530
1818
-1595
-1435
412
-2020
44
-339
-1138
-1557
-665
1813
-724
-354
-1554
-1801
926
1660
-1982
344
936
55
-563
1968
-387
1242
724
-950
3
141
-354
1903
428
1268
1037
635
-501
-1588
301
2039
-2043
-1725
-2037
-1757
-661
584
-1428
60
1645
-1442
1227
-993
1328
-576
-319
-1607
1370
1692
-735
-377
-702
538
-1512
-1786
301
-694
-1328
1539
-225
1662
-1084
-380
-119
1352
-852
-1336
-172
397
1336
1976
1021
-242
420
-466
-1693
-505
-339
-503
-1317
-1903
-211
1332
-625
-192
-585
-222
377
587
1742
1096
340
-1975
-1968
-817
1377
1827
1589
1636
-401
-1801
651
-1769
817
-517
-1211
1185
1972
1130
593
120
2031
1777
-831
-1555
-1427
-451
1165
-607
-485
640
-243
155
-1630
-1767
541
246
-767
-1684
-798
1006
-1166
-209
1786
605
-1587
1279
211
1748
600
-619
1309
263
-197
1752
1423
-1603
-1872
-215
-57
698
-1162
-1513
1368
1527
895
-1048
1999
460
-876
-1136
1238
32
-2017
42
1504
-1126
-1516
-1696
582
1758
-823
-639
930
527
-501
-1792
-666
-1393
911
-1806
1978
1676
305
505
-827
904
-212
-1221
392
111
1713
-1912
-537
-118
-949
1081
1074
1268
-1996
950
1520
1377
1516
431
-954
241
1009
85
-1113
174
-290
-269
1591
-284
918
-332
-189
993
-869
-1626
456
-1678
-823
1129
774
-1145
-702
75
-1813
2
-786
-1482
1553
1156
-1638
908
936
1890
1830
-676
-811
817
1607
962
-1866
-451
-90
-401
311
1712
1157
1530
-616
569
1727
953
-750
-1241
306
921
-1231
381
1182
1989
960
1420
1409
851
1102
-911
-283
-872
1493
717
453
269
-840
898
-1643
-1938
826
1193
-499
-261
419
1617
1066
345
-1006
1426
-938
1210
143
-1243
1276
455
-1494
-446
-1563
-873
-494
1802
-1545
1966
165
-1727
-78
-1204
-1931
675
154
393
-1802
624
-839
1107
1989
-224
918
108
1963
-1020
1115
303
1460
163
1929
-1203
-1493
-1241
-1432
-1154
-1453
576
-1249
-891
310
1956
-1287
-853
-1996
-331
-1238
487
-1883
-1064
1345
-2046
1727
798
521
1296
-951
-546
-594
36
-1040
-284
1306
-1525
1006
1911
1320
-2039
767
-1909
-915
-1974
-1675
1874
1589
1407
1938
-877
1281
-1922
481
1953
-1852
-673
-879
-1328
-1416
1142
-803
661
-677
1969
-1099
1469
579
1147
-1276
1365
-298
-347
-93
1318
-1281
-1835
1138
-2017
275
1866
-973
-1227
787
1463
-1371
-1120
-553
999
-530
-1603
893
1405
1087
1190
-642
-970
-663
-1551
-1935
369
1303
-1387
1596
235
1486
-1423
1214
-1769
587
1616
-396
654
697
825
-740
-239
2042
955
1786
193
2008
1788
941
741
-980
796
-281
832
-412
482
412
453
831
-1733
-1180
2
-225
-1678
-928
1816
-1939
-1884
-889
