-340
-423
-339
1541
1875
2001
-870
303
902
158
240
1615
135
1016
-1516
-1447
-2048
-331
-1473
-1700
785
-900
-1969
365
-810
758
-1237
-1888
-756
1184
732
818
-1447
-1211
1231
-1353
763
-1625
-1181
-1629
-1670
1548
1917
1548
1370
-214
-961
-352
-1285
-1936
-765
-1645
-1973
1673
-35
796
-633
698
787
-324
1024
-846
-1829
-352
-263
-821
1449
-1527
574
1902
145
-1036
-1942
-955
-24
396
-70
0
1858
-1773
203
496
1419
-1122
21
1595
181
2022
-265
119
-1722
-1610
-464
-649
-1712
1927
-327
-1497
21
-1146
1202
274
-548
1229
-695
55
-1781
-615
327
-297
1436
416
-1210
-1293
-295
-132
-1383
-260
-384
1085
488
1168
-1653
-1222
822
1132
-1937
-1355
208
-1837
-1950
182
1649
-383
-910
850
852
-243
241
1147
1415
-128
-186
1010
-857
-1926
-986
-793
-500
-945
-1207
782
44
-177
-348
-1139
-1670
-853
-1223
774
1609
610
-887
-459
628
-174
57
-518
1622
-908
790
1786
236
1476
-1691
688
-1534
721
-244
1949
-567
353
-68
-656
-1199
372
-1406
705
-1126
-887
-565
298
1912
-1012
-2011
-1339
88
-423
224
1713
193
-268
-465
-1741
-1605
507
511
-280
1935
1144
-1867
412
-1400
1095
1619
1352
879
-1238
1869
-1360
185
-1315
-562
-341
809
1486
-262
955
99
-510
563
1657
-1163
1979
1838
-375
563
10
-1264
-390
1950
-1377
1172
114
-404
764
-10
-692
-2022
398
1499
1791
613
-1009
-1301
295
-1139
-833
-352
-707
818
-987
1284
1903
1518
-1279
-836
-1458
1144
1238
190
539
-1201
-1717
527
-1370
-1954
1517
1109
1296
1714
976
326
1899
318
1731
-62
270
-48
-241
409
1884
-2041
-2039
-1929
554
457
-1400
-959
-1276
63
-125
-1694
1277
1088
1555
-882
-1948
572
1971
-1592
1747
75
-926
-1010
-1210
1988
-414
-1019
1689
1608
-675
1309
856
-1001
1009
-417
-1274
-689
501
-356
167
701
917
1109
-692
1315
-254
1540
-1537
405
-385
1084
1409
-1877
965
1325
1874
889
2004
-886
471
-1607
73
-1825
-397
1790
-203
-1272
1577
389
322
895
-1160
-607
-517
-118
1951
122
595
1237
889
-1009
858
-677
1379
-333
2007
968
2023
-400
-1710
961
-1308
-1736
-949
-1174
1675
-523
-194
-1309
-1670
1146
-1
-197
-1503
-93
-603
987
857
-253
733
1765
95
-550
644
-318
99
915
1243
-1946
1025
1383
-531
-302
803
1957
-488
411
692
1100
-168
550
1865
157
-1778
1843
-133
-762
898
93
749
4
-868
-1105
-1209
297
-357
-349
-1830
-1753
1677
198
-38
-918
1664
-2042
-783
1529
92
-864
-1757
-488
-1767
-1889
946
1918
-89
1940
-1128
1081
424
-220
1800
1511
226
-681
-436
1796
1210
-1277
1815
126
177
-1152
1622
-739
-1917
520
-513
-1095
1068
-1779
-633
-277
-183
-1166
392
-2001
869
1977
1985
-942
1188
-1430
663
-285
490
-1524
-1930
1232
2000
148
43
-400
-303
-729
-608
566
343
-1637
-120
-2006
-1704
1629
1803
1928
452
1741
1206
7
-633
683
1243
-1288
-16
-1886
-1382
-18
-1365
195
1979
-1052
-91
602
-1480
-1500
1550
828
-1353
1529
-264
565
-603
-1466
1846
-465
86
1663
1516
-157
-64
-1153
-1889
796
1824
1057
-1281
-1831
809
-334
815
1330
612
-627
768
-1890
1233
-1032
297
-141
1477
-150
833
-1354
-956
1111
-1355
908
-239
1673
194
-715
1996
-1963
-1686
-853
-271
-741
1307
-1372
-179
547
759
1710
482
-1678
-1233
-441
1335
1018
1856
878
53
-817
1461
-1665
-1019
-7
-2032
174
615
-1581
-608
1314
398
-1127
49
-1466
413
1345
1042
-1429
1649
-1237
1280
-519
1249
-1856
-836
-475
141
1066
460
713
88
517
1572
1819
369
-1310
1809
-1964
-1591
892
-1787
1198
-1963
-1968
1436
-1570
-1704
417
-555
253
1107
-151
941
-752
871
214
-1761
475
-820
921
-1603
-1401
407
1839
-740
-568
823
-327
1613
1060
-1820
1992
-1760
-1357
960
-60
1462
1303
-83
-664
-859
-262
1772
-1996
-1372
-637
-403
-1066
1187
953
-409
-52
541
-743
1424
1213
1660
-1790
-580
-1417
1871
213
-779
-678
-407
-142
-1823
983
-1486
-60
702
1957
2027
-1904
95
-970
-886
1098
-118
510
-1321
-1703
-343
138
434
-1390
1294
1844
1894
952
-1851
-1988
1819
1083
-862
1095
-331
557
296
1714
1444
-1963
954
1330
-312
-1934
1242
1640
-2039
-1494
829
-383
-151
-819
-1583
-1911
86
-1572
-707
-200
-518
-1144
-913
1137
579
-999
-1917
640
-914
1115
1744
-1075
909
-625
-1781
37
800
-1770
737
1327
-1905
-2009
531
-83
1713
762
-1075
1907
-826
-581
1530
1865
-1047
197
282
1935
-1808
1839
-2012
-2048
-172
-1483
231
-191
1462
-1156
1009
-1037
-1012
-1644
-1750
446
-521
-740
1281
869
-495
-1042
1391
1128
736
1710
-1738
-719
428
-1426
-388
57
160
1771
708
1009
-608
963
-1597
1118
-1142
-515
-993
-1793
879
1816
9
1516
1255
1033
823
947
-584
-1330
-180
-2015
-646
1077
642
993
-1837
-1178
960
-780
159
1517
-1303
-378
-754
-1506
495
1873
-2024
-1597
-729
2012
2042
-1193
495
53
709
-819
1586
-196
-869
2029
-1433
-745
-1188
-103
-1707
-1270
-157
-1038
156
1428
-1590
-1363
39
678
-1722
571
1194
-1315
-1025
-1857
1822
-556
-1815
-222
-230
-1825
1710
-1887
-1600
503
-1727
1943
-947
-568
-966
-1228
-143
584
801
-698
-1950
-920
891
2041
-1468
-328
-1929
-1248
-527
122
1497
-521
157
-397
-3
753
-1648
-795
1257
1066
-824
-449
-1505
-610
931
-801
-1186
-109
154
-385
-1922
1109
-167
-1134
-1760
805
-760
-1830
1110
1952
-328
94
1805
-147
-1871
757
1294
-1166
856
207
260
-1167
1033
-232
-1476
-589
1933
-1861
-1729
-218
177
-132
319
-1973
1269
-571
911
-1553
1094
659
-653
478
-284
-1134
-1399
1710
1189
777
-1097
-1104
1874
772
-1023
272
-1752
-970
-1235
992
-1852
-1378
-846
-115
654
-2001
-936
345
953
-841
-1888
211
-334
278
1217
1134
-1514
125
-583
399
-1459
-1711
-1770
1384
1983
-1264
1825
-68
-1430
184
1886
1348
-1779
-1770
-1802
-889
-1822
-1397
651
-1929
324
1175
1490
-829
892
723
895
-449
330
640
1545
251
-851
-1563
997
-257
1860
563
-1838
-426
-1234
-226
1587
84
-1239
309
624
1182
1356
1588
-1499
-30
-1707
615
-996
765
-1240
-812
-1997
-1618
1166
22
-1932
1480
1840
1342
799
-1981
759
1550
555
-1235
-96
215
141
-649
64
-1303
1422
643
682
-1263
-1724
1262
-946
1442
967
817
-1183
877
-1992
-1158
674
1024
-1963
-605
1259
572
-910
1779
1134
680
-1591
1187
-739
135
2036
2000
-100
1997
-829
1286
-844
297
-1124
-2003
1997
-1649
1976
-1425
471
213
-1867
-204
1797
1069
555
133
585
220
-1735
1930
99
-1037
-1164
-463
-949
-629
-2006
-1492
-210
-1482
200
771
1024
-1341
2024
883
-1920
-691
186
-521
-873
171
407
1723
1470
-1708
-1089
1827
857
-1836
-1312
1782
-1301
704
-1582
1135
-1783
1333
-556
1786
934
1255
-2
442
777
864
1489
707
1913
360
646
-1570
1106
-947
519
1334
673
1628
-1254
1028
-32
-1772
235
-1408
600
1603
-933
-1068
537
1111
-743
959
-305
1293
895
-1005
1390
-78
-431
-375
55
-1901
1158
1464
-160
-700
-992
1141
5
785
1434
1841
-9
43
336
1244
-1896
-497
1127
252
734
-968
-1386
1171
852
75
-1898
-1316
617
-776
401
377
493
-1848
-786
1060
1691
181
-464
1181
-1101
-864
342
1926
1067
-1158
-368
1587
370
904
-1763
1061
68
1227
1270
814
1581
-1959
1504
-474
-1361
928
411
-187
-706
-1205
-1502
-374
-825
1430
1631
-795
1247
-1840
-1319
873
-885
-952
-41
1310
1218
-810
-17
-940
-708
470
1344
-1476
678
671
1489
1450
-164
625
1469
-405
-1048
-1194
-1145
1114
-297
-1929
-773
-1519
-1152
-76
1277
1874
345
-1320
-1861
-111
-1362
-326
-2005
826
829
1535
-256
-1239
158
1470
250
-829
-1590
1002
-1655
1153
-765
-1347
1284
1097
1733
33
-1863
439
1685
-660
1003
770
2001
-1522
756
-232
-1695
-940
-1274
-462
726
-65
1429
1973
-762
782
-2023
471
1208
64
-1535
855
-1151
70
483
1413
1810
-1560
362
-70
-141
1830
-361
-1782
-1469
394
1120
1866
1551
1087
-2038
-841
-322
-1517
638
1644
-1444
-892
1572
-869
-629
-1730
236
23
-1101
-1143
1576
1320
1514
1356
-1318
1313
1711
762
-818
516
-293
-146
-1063
1341
-1519
-1364
366
-1596
1346
-1385
24
-1099
1705
-441
1959
-2046
892
196
-423
-1724
-1087
1883
-1489
703
1926
1409
-401
969
300
817
-476
252
1611
142
509
2028
1310
2046
-735
174
1811
1055
-1462
1706
249
-1147
-548
1611
582
-2
-1545
-2040
-612
-569
858
1403
469
1434
-341
1930
178
982
1638
-795
-1116
490
232
1593
1554
2032
139
537
-58
1480
1807
816
-1581
-753
-1035
738
1258
-1099
-372
-1649
-1919
1515
230
-713
58
694
-1732
-1685
635
336
-545
815
241
-180
593
580
418
-906
-400
-548
-1907
-861
-782
-1506
897
-1287
-1585
1377
900
105
99
1091
-348
-365
-217
-77
-324
242
1875
-1734
-424
-1567
349
67
-259
1004
1569
-692
1331
757
-1385
-479
-894
1344
-838
736
870
-256
84
2037
1639
1325
50
37
-1647
-787
979
1893
1946
1591
247
1570
-1284
79
-1250
1692
489
592
1451
1105
49
1098
-1312
279
902
-837
-1652
-1067
-1714
1184
158
-60
-840
747
-597
-1623
95
1517
-890
629
410
-914
1939
-1285
-1500
-1278
1068
149
1026
-1530
1727
1034
-1235
-944
-944
2030
578
286
1919
1854
-1605
-16
-846
-1467
1733
-373
-1839
1189
543
-305
990
-521
-1759
1430
1910
842
393
1288
668
1202
823
1756
341
1733
-966
963
1583
-1429
-1307
966
-1670
-868
2013
1506
1466
-1352
405
-96
-1992
753
-1186
-478
1020
-1716
-347
-30
1379
83
341
1963
1515
-798
55
387
1698
1545
609
1610
-1283
1160
-1144
-1737
837
1735
1682
-1189
-715
-1381
923
-1567
-463
-45
-1550
937
1864
-844
1354
-1749
-1887
1620
1364
250
1982
-1367
2034
-217
638
-1385
-1106
-1536
-1259
-429
-686
1396
-1019
452
-1611
-420
1927
43
-1675
-1452
2000
-750
711
1151
-1086
-787
1121
1086
136
1078
323
45
-1940
-289
-1436
1153
-1806
-1408
1539
-1300
1826
1351
922
716
813
1760
2035
1447
1726
255
1863
-1509
520
-9
-921
1489
1098
-878
-63
-88
-92
-1079
-575
-881
954
755
665
647
1718
1464
628
-1748
-1057
1396
957
-1707
-789
1242
997
1077
902
1265
-139
670
1985
-1380
1889
-194
-1809
-2048
1250
-38
-1582
-836
-1541
173
-370
1734
-254
1045
1926
274
-410
928
453
1257
-1520
-296
1528
1549
218
1428
-1000
1867
582
-697
1831
-1893
-99
590
350
-1246
1648
62
-1045
-1380
1414
-489
-383
2023
-875
-114
810
-1949
-553
667
-1490
-1085
227
-467
-1180
1165
-1852
-1378
180
-1069
-507
999
-953
-963
-966
1894
74
528
-1939
-675
-517
-658
-148
-628
1092
962
-24
390
299
1287
791
2013
1776
771
1370
-753
1709
1259
-764
-1085
-1681
-1921
-545
-630
1306
-27
-154
-877
-1740
-219
27
-158
-726
-1437
-1381
1875
178
-1792
-944
717
1682
-22
-1187
1106
-1682
-829
-655
-1697
1359
-804
1065
1993
-482
1816
1942
-1090
1024
-812
-583
-1196
690
-890
-1293
91
-126
-2018
-463
-1487
-291
-952
-1056
-1765
1504
325
1039
1672
-1868
-380
779
-1678
-904
894
1504
-1767
-1252
1334
-476
-1704
-1714
-380
1022
1469
446
366
-197
-1366
-25
1487
426
-522
395
-1844
2045
-785
98
-1941
-719
225
-1672
253
-1383
-1863
-825
-860
1970
1865
-634
1090
857
-1071
-152
1183
361
969
666
1682
-1390
715
1985
-176
-1511
1294
-239
-1668
1272
1156
4
-2020
85
-1634
210
1648
-1904
799
-418
-331
-582
1754
834
-160
142
-701
933
-694
-1987
-1030
738
1558
-1224
112
-563
-794
490
-205
-55
-25
-1715
-691
-652
-1488
-1277
-365
1904
-406
1856
-598
861
392
-296
-982
-437
-200
-1820
-1724
-1918
-1382
-1684
1516
-1722
904
407
228
-114
1238
952
-1290
-609
-1033
913
-1369
948
0
-437
-1967
-1378
502
1925
-839
1118
-1804
-639
1856
1978
-1465
1316
1394
-1060
-443
-423
-1890
-1270
-935
1806
1608
-604
1236
638
1147
-349
1377
-1716
1734
-1603
49
1451
-1668
-1993
-891
1708
1375
1985
-1726
-1230
544
607
-1482
-1405
-2
-1429
-1908
1257
-1991
1512
879
-229
1314
-908
270
-1739
1786
446
-113
-1179
1778
815
-1435
557
-301
1261
231
-1333
1207
604
-1060
1354
-1012
1337
-469
60
-158
-1133
-1911
-854
-172
746
-1287
-663
1562
585
-593
-772
-785
732
2001
-2003
-1335
-818
-1084
-1556
-1100
1215
1024
1095
-398
-1043
1236
-1414
-912
-1860
-1137
1534
1360
188
424
1089
1299
1689
-1442
137
1960
-1558
-27
51
-1592
-1172
64
-1702
487
-643
1773
-158
517
-805
-434
1328
1514
539
626
1034
-915
2002
-1762
18
-1029
1357
732
1847
935
531
-1122
379
-1051
-69
-398
-1199
416
-1915
-511
-709
101
-599
-254
1510
1851
1831
-194
-1131
-1335
572
1527
888
-1462
1655
-1040
-1165
-648
-331
-1244
686
1258
205
-164
-1345
2040
-1282
907
-409
-561
-1241
-1186
-1955
-1096
-608
737
-1731
-1284
-1098
699
528
-1944
-73
-1207
-1102
-987
-2038
-198
128
-1431
1236
-1708
-1224
1820
-893
392
1242
-551
-2033
834
1946
-148
1037
300
1925
391
-143
-1889
357
-1259
1198
839
-684
-1884
-669
735
-691
335
521
1757
-89
1329
144
-332
-102
491
-232
-1838
-1315
574
1788
1649
-233
754
1897
-1496
1648
-1970
1541
1822
942
-1624
1625
-1569
1079
1253
1032
1953
530
1005
-1242
-554
-1234
-390
-144
330
1486
-472
-987
-119
633
1732
-234
-721
-239
1473
-1742
773
1846
470
402
-403
414
1818
-897
19
1944
-1185
-1527
-88
-699
830
-253
1323
-211
-1058
1277
-337
607
547
-69
1885
1225
-356
-1156
-841
-339
433
1508
1466
935
938
-1678
284
-857
-1228
121
-782
-1687
-1986
-1552
-560
775
-462
254
203
1199
-1293
2014
-1024
1719
192
543
524
-60
-1407
-266
-899
-1150
1219
1743
-1015
1409
1771
-93
-845
-1087
1312
1291
378
419
175
881
-1501
-1600
-1548
1819
1475
-1404
624
1393
913
1801
417
1718
-1850
106
701
-1584
-1215
168
104
-349
1452
-1280
1306
460
1191
1620
-148
1334
901
697
-1992
-1142
912
1583
-117
1827
-836
199
1424
-1885
-628
-1992
-379
1133
-206
1364
-1988
-1898
809
1743
-1821
762
-1561
34
171
280
1678
-446
1181
1969
1373
532
-745
1731
1911
-377
-871
412
-1220
1371
-1454
-1315
1374
-1348
-204
1285
-1335
-216
200
831
1847
-1506
-803
854
-209
1074
-1280
900
25
40
108
-1935
695
560
-414
-1921
-1252
-653
507
1655
1873
-564
-1065
339
-1763
-177
-1020
1709
839
-1097
-726
-629
-1463
-1408
-1859
-333
-759
-239
585
907
-901
670
724
-687
1004
-520
2045
-599
103
1813
-1870
-889
-417
342
-897
-161
1641
742
-1571
-1285
443
-1638
336
-1047
419
1486
425
-749
935
988
1525
-890
785
1685
-1266
-78
-321
-1707
1184
1336
-891
1291
690
-1763
-435
-1531
-1155
1533
-916
1350
-514
414
-802
-180
-1782
-1548
191
-1686
1845
852
101
1167
1838
-20
-1291
-1245
950
-1964
-279
-1230
1906
-1907
1922
-1863
404
1924
-855
58
1262
1676
1126
-716
-1409
1361
458
378
-801
-988
1799
-456
-1409
-1178
-1477
-1858
-1648
665
1616
-937
-1810
-1303
-852
440
754
-772
400
1346
1499
-1297
-548
-1350
-246
82
1727
-587
-1577
-1929
-390
-223
-100
1855
-392
696
446
957
-754
695
558
-361
2021
838
-1502
-431
-1734
-1710
1958
1494
965
448
-1063
1236
1405
1626
1673
705
-225
163
-708
-1006
1428
-828
1679
527
248
-1204
1470
-1815
1930
-974
103
-920
-364
-1232
680
1501
-470
-2027
-1622
1624
929
1211
168
-1143
1861
176
-1307
-1201
-413
-859
1371
40
1815
-990
-1217
864
1562
1626
-1619
860
1563
675
-184
-1751
-1659
-1375
1001
1885
599
1485
1206
1566
-179
-1506
-572
-178
-1172
-1438
2009
925
-30
-748
-577
-297
560
257
1249
1365
-1602
-789
447
-1583
-1478
-1396
-502
860
-1418
-320
-435
-1156
-170
-1340
64
808
1983
-693
-373
1873
1530
-1622
-1807
1761
-936
278
2002
-1573
1949
-1054
413
928
1457
1982
202
521
708
-459
-382
-778
-1774
732
-895
1458
-244
1305
1379
1333
-1295
-400
-1731
614
-862
-1743
-1024
-198
-1343
-1785
-228
2009
39
1732
-174
-1663
1729
-230
-112
-122
-1587
-1127
235
1585
681
-1200
-1849
484
-1119
845
-1016
989
-1004
-727
-1379
-890
-88
-1595
-1597
-1549
-1019
612
1162
1690
-1622
-973
-1086
-1953
-1612
1375
552
-185
1237
2008
1897
1669
85
-2024
-1028
32
-431
-430
473
-1810
-2022
-1441
1056
-1700
523
-789
1484
1046
1190
812
-766
-302
-1901
-1143
-1679
-1783
-1480
-1444
1790
1006
-820
-25
-1438
-1001
-1609
1518
-1872
1503
-1853
-1811
706
-1353
-289
57
-243
-723
-524
-862
1961
-1249
-1151
-308
-1583
843
-1288
1461
-2005
191
-1452
-466
1943
-1038
1708
802
1571
-989
58
-1701
936
-1000
-939
217
640
-1333
113
253
-609
-1950
-928
1782
1811
-571
-798
606
850
-1644
1860
51
1003
-1474
-1394
663
1226
-818
-1527
-1321
-954
-455
396
-1273
596
576
1012
150
-566
-116
-1623
1859
-350
-729
-2027
-846
108
1919
278
-1806
-1976
197
-669
185
-1449
-871
736
1595
1603
-585
-187
634
1182
621
1675
72
-881
-1588
-1282
363
-1895
1845
-795
934
-824
-1467
-374
307
465
1713
-1302
-480
1195
-226
-1507
-677
-1425
-1373
-1906
2013
-719
949
-1896
-490
1113
-665
-532
-440
1493
-164
-1712
-403
-971
-1679
1895
-1464
-215
379
-1174
734
1113
789
324
1666
-816
1104
1892
-593
1407
338
277
479
-1036
1622
-1807
-325
561
-502
-2021
1356
1745
907
-861
1664
2006
-81
523
-2006
1603
-5
-770
-1016
1801
-568
1099
758
750
-237
826
-808
1453
-1366
-738
-1487
273
1238
850
-1737
1724
1617
-1936
1755
192
1412
1814
-1018
678
176
-1676
498
-1186
-1110
435
1681
-438
1323
-1000
2005
-23
1066
-764
689
952
746
1704
-1118
-1114
-779
1589
-1834
-157
1548
-460
654
-1002
-629
714
-709
1766
1215
-840
-86
-425
-608
-446
-1817
-384
-279
478
-1747
-503
-1452
29
-1312
750
1711
-132
-1479
2033
1935
98
1744
613
1154
-1002
-1588
-376
1675
1752
1793
404
924
1388
-91
1113
245
292
876
-1139
-1537
-1317
165
719
368
-723
337
1489
-1538
-348
329
-1865
-50
-851
569
866
994
-1375
-1999
-642
-1334
-224
1208
-316
1423
-1244
-1156
589
-1155
-1801
1513
1544
-1334
-1241
812
-884
600
1042
-615
-1970
-937
1443
-924
1840
-1025
936
-787
-174
1725
773
-504
-1402
-368
265
424
-1355
612
-1630
-1877
-459
-1853
876
-524
1404
-751
-710
-1744
1323
1967
1744
992
-224
-202
1176
796
-1941
86
744
646
995
-1854
675
-305
-1185
559
-539
-1224
-1726
-10
901
567
484
1084
1469
1263
-51
1469
160
386
-1646
1084
-490
1172
-269
-677
-115
-188
491
-338
-1659
-431
-1040
1644
1640
1702
-1827
1100
-718
43
1480
-1545
-514
999
1886
-315
-348
1212
-1966
-1403
113
1758
1419
-89
1627
-1523
-305
-1042
924
-1801
250
-624
-1363
-1273
1924
864
-619
-433
-185
-1497
-380
-241
1334
-952
-1010
141
-606
-983
623
1482
839
1501
1306
-1392
351
-1853
277
1625
-802
-1095
1338
1806
146
-433
272
-1111
-1437
-1144
-1843
-1921
1340
-526
99
-139
1807
-1932
1449
948
-965
232
440
-121
1135
-17
809
-1517
-327
702
-717
348
-1247
-1100
1808
-1877
-561
-1927
-1011
-109
870
-1388
-1553
535
-1291
-445
901
-161
1295
-1159
1567
864
74
-390
2035
-1085
-119
-1390
-1654
-186
-2013
-1271
-787
1458
-979
1830
1157
702
1920
1093
-1344
-120
-244
498
644
1215
1234
477
-1330
-1824
-1191
936
1565
-1247
1053
1745
-1377
2019
-111
1540
629
-1355
-1667
-1604
1988
-289
-612
1133
472
707
1931
1094
-14
239
-1967
-288
1262
1426
-67
-1837
-605
1142
-580
1727
558
-1218
-1055
1129
1503
-400
-806
850
-953
1110
127
-2011
-423
1670
1716
-1754
-469
1355
-879
484
588
614
-1010
-729
-635
160
1484
1305
-1964
930
-1060
1413
-1228
-523
-1880
1632
1261
1144
1678
555
-982
-1216
1982
1545
1432
-706
37
351
-1944
-1423
-683
-444
-962
258
-616
-1407
-1325
-2041
711
-712
-243
1006
1766
1171
1914
-170
-1244
-1679
1559
940
-1212
-1371
-892
-1889
-597
1368
967
2007
-405
1000
1336
955
1283
-1654
870
1897
-114
-986
-524
734
-1033
604
-1902
205
-1484
1032
-128
-1450
-170
202
-1967
1999
922
-1520
-1277
144
-1690
90
-132
-402
-291
1174
689
-882
-1104
-309
-1636
-1754
-1967
671
947
1749
-365
-1754
1749
-1969
-157
1444
789
1128
-775
1631
-1389
906
694
181
406
578
270
-326
1533
-1878
708
-1239
-1244
-877
184
336
-1834
-1972
1216
158
652
674
1257
-1171
2015
-1708
-1705
29
-784
-1497
1712
-216
-1617
-898
1617
-912
-535
-22
-553
1293
625
-1723
22
-884
750
1019
-200
1919
-834
-1373
-527
-1709
1806
1564
-17
1182
-1914
931
-530
648
1930
-1968
-1738
-489
1837
-1544
-309
-1144
318
-732
293
-1382
-1423
-544
321
1327
2004
-1939
-862
194
-906
-1990
408
-420
-953
1162
-783
1146
305
66
173
718
239
380
-513
-819
220
-1064
1408
1672
-1995
271
1736
-1148
-1619
-992
1890
-1478
1079
820
-1402
608
-111
1778
-248
1782
-777
574
1502
523
-1582
1261
-250
564
-844
-1872
-1703
-365
-877
-675
574
1842
-1227
987
301
-400
1384
-36
1691
-192
-882
-1965
-893
-205
-762
-1136
229
-454
817
1277
-999
-1090
-1735
-270
145
470
1731
-889
261
-1498
1103
591
-233
703
-652
-257
-816
-1350
-874
-848
1949
-1004
-1378
-1928
-1282
-1543
-1145
1998
-1884
1080
484
-1461
-725
787
8
193
-1969
1910
572
-115
678
1533
557
1881
-1253
142
1170
745
274
-666
555
-589
-2001
-284
1751
771
-417
2016
-1719
70
-218
-1
1384
925
-494
-1509
333
1998
622
1089
1895
2004
-2005
1
1388
-1212
865
-720
216
-440
1328
-802
685
406
1680
1104
-1347
-521
-1305
-652
-1713
920
-173
1728
583
-1646
1545
-1472
-1934
-1262
-1870
1022
-2006
-1889
-2
-54
901
115
-1530
-851
1099
-1280
1903
1560
867
-855
-678
-1257
-991
-1481
-2033
-193
-1885
-1477
-214
-981
-949
-653
1734
-103
-140
1867
-304
925
-63
1917
530
1565
-544
430
200
-187
-710
-1542
-1910
-1064
-1214
1989
1679
961
850
736
-45
1856
1892
-397
-1628
-1274
1432
-1975
1417
597
-1129
-1405
-293
-892
-558
1228
-363
-1975
-1852
358
-1512
-854
-673
671
538
2031
1571
-473
-1589
72
1760
-824
-857
963
1593
-844
1756
-468
1122
111
175
908
1895
-1976
488
-1098
371
-1247
-1114
-367
455
-136
-939
1254
1587
-1279
220
197
284
-1256
-760
-169
1992
1915
-425
-1123
-2026
1238
-37
419
766
-1824
-1851
-1683
1533
-1952
-837
-1597
237
1688
105
-198
318
1721
169
-403
1809
1421
-1421
1119
1823
692
-848
-976
699
1855
0
745
1604
991
-1082
403
428
-2037
-999
1482
744
1907
817
1679
-389
1710
176
-190
1598
-411
-628
-1306
155
1325
-496
126
-1956
-1162
1591
282
866
798
274
-425
551
-390
702
307
1095
-689
391
895
-1129
1498
-509
504
-1692
1906
-206
196
-417
-1001
-1974
-1025
1649
-1024
-177
336
489
415
-604
-1512
153
-1060
-772
-1361
-2040
-1119
-795
-1044
-1643
-1651
-765
-1928
-1902
-1204
-314
2003
1280
459
-841
-1193
-505
-1328
-434
1871
123
73
-1153
59
977
-182
205
1766
1783
1575
-1919
-1082
-1372
-1609
-1925
-803
575
-1922
-872
-1106
-1636
133
-1615
-366
-1792
1276
-1341
23
1750
-221
-616
-1181
-179
-1606
-806
-1499
-1146
-1312
-1842
-366
809
1853
-1381
251
-1638
1986
211
-1668
722
399
816
-74
1200
668
1256
1517
-1844
126
1111
735
-1608
532
-506
-689
901
-598
-1416
60
59
-1770
-1846
-1531
1862
650
-1501
-132
160
-537
-143
-352
-950
-566
-563
-1691
672
-1575
1806
1820
-1636
613
733
1347
548
-1654
-1161
-1891
1669
-1104
-1252
-825
-601
-1705
-568
1871
218
888
-1019
-1920
-1939
-1692
-1920
-1531
1018
-958
1058
728
-1371
-1957
-803
-1729
-1611
502
235
1652
1553
1109
-1277
-1368
1172
1287
187
912
-995
-1095
1286
1922
-2014
582
1469
-1856
-2002
-784
-829
-531
1615
-1066
761
1315
-371
212
182
847
-598
722
-690
376
-360
853
1896
-926
1748
-290
-1802
-1016
-1871
1856
-1297
-1028
-408
-1126
-466
-758
1863
417
933
-799
-130
-1426
-1175
-1279
-420
-401
955
-1479
-216
-191
1771
-613
121
-595
-1859
1945
1672
1318
-986
819
1128
-861
1252
-577
828
279
-1870
1772
370
-1679
886
-548
2013
693
335
1401
-1356
1988
-1983
-1491
559
1422
-1587
1228
-1297
1118
53
-696
-1973
-1004
453
1936
-1918
199
708
-1351
-1476
968
-834
147
-1108
-1400
755
1394
595
2036
1258
29
122
1025
-57
432
-2029
-1948
-1660
1862
785
101
2038
-183
-1752
2025
-835
709
-123
-1092
738
-174
-995
620
1265
810
-1306
725
-446
1252
-1764
1458
-614
953
-723
-278
-1571
-1256
1749
-234
1185
1178
-185
-461
848
-144
190
134
251
-1735
121
-674
-354
-1266
1913
-1381
-1010
-747
-848
54
-181
-1737
1626
225
-1618
986
-914
1997
-689
-1917
-447
-1529
-1809
-703
729
126
-1664
-1424
-497
1825
1750
-27
-1290
-1511
2015
1918
-1097
-1602
1525
-195
-1267
-2028
1834
-550
1224
-242
346
-561
962
1179
1231
-66
-1145
1351
1659
-974
-1532
715
-1282
-1236
-820
1829
-751
373
-791
-638
-1413
1699
-342
142
-1442
-779
1777
-650
-1915
-1173
-24
485
1472
-1869
1989
-48
-955
1409
-1291
-610
-272
852
1957
119
-549
-1834
-1463
1498
-1288
1414
-1041
1471
1722
944
1112
-1723
-465
-1091
1857
1747
-1009
1098
-266
157
1359
-728
1180
-1894
1543
-779
866
-1011
-1234
887
-270
-721
-857
798
814
1947
1705
-1627
-1005
-665
-1081
1842
-1396
-956
1180
409
-526
520
-1291
121
-1992
465
911
-1490
284
-1739
-1486
-331
1462
-1137
2029
1634
-870
-1120
-70
265
206
-1444
-1611
-1775
343
657
618
1340
953
401
754
2
1155
-743
1517
-261
-916
-596
143
-278
478
-1764
-1186
-1724
-1057
-1731
-536
1829
523
-1848
-1516
-1665
-938
-1336
-358
-343
-533
-239
1251
787
-1379
-1316
359
-1035
-1358
824
-1884
1207
-1855
-336
884
-393
1004
1180
-569
-728
1375
1612
-1338
549
-429
-1076
721
-502
1613
-978
584
1116
-975
-1936
-1821
-1715
441
1900
158
-776
1541
-666
774
-586
-1732
-2025
48
-393
1716
-1256
560
954
-960
771
451
396
-1618
-948
420
946
353
1629
-29
-1059
1927
1952
-1551
-1565
-312
1199
-1170
1661
-1870
1831
-1176
-1876
551
673
-1049
-1396
-1909
1309
30
-742
-1838
1266
295
363
133
635
-96
1387
351
-1385
-1220
861
888
-650
-1906
318
98
682
1165
-1586
-1782
-411
826
671
1961
959
1476
1515
-312
1483
129
-236
-955
597
-709
-97
1248
-2039
1017
-1484
935
-1970
-1029
-1719
-1927
-1356
-1425
-1214
-524
1691
1270
-1439
105
-477
-1769
-1147
-67
-473
874
-721
1176
409
-49
1156
1129
259
660
-2020
1277
-1514
141
851
1837
-1813
282
-516
-1127
1011
1225
-1945
1988
-887
-1778
1775
-1718
1967
566
1046
-765
-1604
1589
606
-1295
1138
-1912
1604
-1315
1563
1759
703
921
799
-880
-962
-2001
1804
735
1767
2043
1836
-1699
1766
1235
416
181
696
-1462
-1729
1536
-379
15
591
-1279
-1097
-1144
-1188
1862
-348
-131
-3
484
-1000
-908
677
935
-1238
1144
950
-775
-1722
-1380
1647
-1588
-1717
-1234
1526
1306
1067
1360
706
-1729
166
-1124
1644
-677
1474
-235
1508
887
-1893
872
1770
-1255
-1371
1996
1292
91
749
110
-1637
-1596
640
979
1679
1918
408
-1529
607
1893
-535
256
-177
2040
1199
-1535
790
1494
1299
1145
-886
1554
19
-893
928
1443
1714
-24
1678
1633
-993
-864
-1861
1716
-1064
841
-1774
-1900
-223
-1518
858
582
186
-317
1028
1322
1953
-319
-1843
1038
-408
-1813
-1787
-929
939
1800
-1496
-1478
881
1011
-279
-1356
-769
-545
26
-1690
1378
-196
-557
591
1616
-268
364
1179
362
-1328
-1426
-1608
1160
1707
-709
-712
-835
-1846
191
-601
-975
1831
-1455
168
-897
-850
-233
-469
-781
-1005
-993
-1851
-1842
-849
-730
1901
-2031
1146
-1503
741
-52
1529
-678
-363
-834
679
-373
1223
615
1568
1632
-1811
-539
348
1718
1228
1723
244
-2003
-1700
-599
981
36
1905
977
-1130
-1202
-1581
1503
-113
849
-230
-1035
1774
1246
1822
1071
1624
799
1356
73
-452
288
763
-935
-943
176
-1038
671
-1431
446
-1711
-1773
225
411
2
-1987
-873
1896
1047
717
-2029
1222
-131
-1116
-1278
1476
-777
-476
770
953
3
867
-652
1187
785
-1177
590
1573
-1437
1314
-957
1032
-1248
-1356
-410
262
1311
1201
-1217
1798
1450
-238
-2031
636
-732
-20
-379
1982
-254
1736
307
-1803
1143
248
86
-1700
551
1189
-1132
1248
1290
61
-2013
133
-905
-729
1458
1168
89
-953
1277
-56
497
1836
880
1850
816
-1555
-521
1812
120
1942
-983
501
-943
2034
1267
950
-1776
-1734
1566
1923
714
-1719
-1999
1947
-99
1315
-300
-954
1671
-883
688
322
-1087
-1673
1685
1336
758
144
-858
60
120
879
-1929
1920
-1181
1416
-726
-225
-1629
406
974
631
-749
-1228
-337
1497
-1430
-1344
763
308
-593
-1681
-1456
-715
-1628
-863
-236
1450
-652
1167
-210
1976
-1289
72
2032
1046
1773
-414
-142
860
-1231
-1165
1964
-2020
1694
-235
890
1729
325
-530
-660
950
1381
1098
1860
2001
-997
-644
812
-1692
-1804
270
511
928
-695
-1404
985
-1330
-1032
-1043
-336
-693
-1716
1371
-1958
946
37
184
1613
-950
880
-914
-798
-266
-921
-1213
699
-548
1630
-974
-1652
1623
570
-1499
156
-1999
-698
-1505
-1366
-1397
507
470
-1763
-239
-1649
904
-2028
1287
1138
380
-1681
-1829
-1277
-1264
-147
-400
-90
592
1522
706
-1374
-1986
-1761
-1097
1880
2001
360
-1916
1790
-1417
1671
-1557
2036
-676
-1734
-474
1999
1644
-923
-683
1361
1263
-639
1327
-1668
468
332
931
-995
-891
-349
-946
1931
642
503
-468
752
-844
1313
271
-1578
455
-1200
-68
670
302
-637
532
-691
-1
1516
-1451
1134
-1855
1702
-1178
1958
2044
-594
-1031
1340
-463
-1280
975
2035
980
189
1625
-587
1370
-1936
-628
-1307
1623
-1815
593
-464
86
-1077
-718
-1478
195
-790
1224
996
-1526
899
-750
861
1050
-32
254
-1859
-335
1584
-589
-772
-1449
-275
1780
-532
-1511
1493
1390
-693
764
-503
-965
-1056
-859
1803
565
-1451
2025
-1802
-1976
526
-20
-1615
-1190
1313
-882
511
812
2007
1912
463
1959
-1388
271
-50
1258
-1513
-830
-1317
-1481
-7
-1555
-362
582
-1337
621
-1744
217
-692
-1870
-199
112
-990
145
2030
-956
-1250
-1402
215
1361
492
961
-887
897
-1132
98
1958
813
36
608
-192
20
517
1501
699
1861
-827
1743
-666
-543
-360
-330
505
1566
629
-1118
-2000
-1299
495
-1148
-771
184
-928
-387
-423
150
-1067
2004
1301
744
94
1571
774
-1919
-790
-1637
-1722
-1258
-520
-1193
1372
403
-990
-2041
1493
1322
-536
-1173
-755
1130
-1664
424
814
-1681
-1218
1457
-792
74
-1215
264
1088
-1159
-1200
-55
-1317
321
-1481
951
1177
-904
-1423
-1023
-418
-1388
-256
1837
598
550
1042
1402
1594
975
-830
-38
-821
2004
-1117
1227
-871
417
2036
1353
1425
-1594
671
1115
735
-1845
1630
-795
-1761
-1424
365
1309
1461
-631
1080
-1031
-704
1444
-321
-1814
-917
699
-1185
-94
647
-1773
639
1743
-956
1805
-1262
1070
1776
1240
1862
479
-954
-2005
1852
-156
484
-121
1928
683
1949
-1286
1026
-580
813
-376
-1647
-681
-1793
1988
-1119
-935
-1200
-1125
-1062
-1299
-331
-655
564
-1377
-1993
-795
1509
-564
-610
-711
-1917
609
1602
-919
194
-402
-1682
630
-360
818
1421
-1520
897
1072
-1240
-1958
1830
1038
1314
-964
604
-1331
-789
-1367
1663
-160
1302
-1004
29
-177
-459
-286
835
-1123
751
-1002
116
1755
333
-1115
-1107
1722
1784
-1070
1622
-2008
-1582
1909
-363
453
-1680
-1612
818
-1680
1096
1658
1960
-1147
-1993
-1302
877
1434
-768
1497
-701
-1887
-1163
1609
890
-59
597
-1916
391
196
-477
-1803
-1136
1543
-1914
1226
146
-1679
972
-1368
-2
-1639
677
1253
-1321
-748
1187
-1816
-1000
-341
-1481
-1236
-1622
-347
318
-984
-991
1693
1353
-634
-1280
1804
-865
1870
-1651
-612
-1543
142
-1883
-1336
-1779
-1655
262
-1579
359
1959
-1066
309
-989
599
-1983
870
-1790
12
189
-745
95
-1804
-1423
-1631
-12
-625
-1197
-375
137
603
-81
-387
1754
-1177
2017
497
473
1474
-1421
-1018
1333
1275
406
1282
1038
778
-1402
553
14
-1840
743
437
419
1879
1988
326
768
385
1387
553
-240
-1894
1656
486
1062
1917
-164
-342
391
-154
-1286
-542
582
1991
195
1151
1709
-1874
-952
-991
-471
1309
1869
-802
1648
1916
-680
-1252
-1720
777
-885
1063
331
558
592
215
1259
504
-65
-410
1770
-1688
-1225
1831
-1717
1106
142
-75
704
1846
-701
521
-1791
-1273
721
1018
-834
-582
-834
2015
336
-132
80
-471
40
1969
-1666
-1736
692
621
79
1031
-1009
1286
-684
-645
-2010
-2015
-141
1063
128
1534
922
-791
-320
-1770
-1046
-869
-1470
-717
623
860
-429
1011
1685
710
474
1465
19
1708
-1748
-1403
-1607
-1329
-122
713
1580
-241
-396
1119
1033
-135
-58
890
1181
1795
1225
1720
-1607
-158
-1188
-1927
-309
891
1457
-604
722
1324
-1496
-959
-87
1393
884
-1560
159
-538
-1694
1491
-2047
-854
1160
-519
102
-500
1196
1292
1459
1372
1515
-1301
468
-1774
984
-602
-601
-216
-1348
-2016
918
-814
182
1136
-55
-863
-245
1706
-1769
1521
-1230
1335
435
157
-1290
1238
-92
1834
322
-184
645
1005
-1768
1168
634
-186
-2042
-1207
-790
-1083
500
1141
-1225
-141
-1879
830
1891
-343
413
-1669
-512
1748
-320
-1180
147
1412
1512
1880
-907
-1526
903
-1924
653
-387
-1832
1408
-718
-1325
1225
-1907
2044
-105
282
-935
241
-132
584
-1020
1027
791
-388
-93
1475
1828
-1669
-1177
898
1942
-638
68
-1950
-953
500
-412
439
-22
1945
-1978
-1460
1748
1759
542
777
1857
-1933
-1460
-88
1671
1820
22
-314
-791
101
561
-1220
-817
537
-1853
-202
1119
820
1410
-943
-239
1043
-1978
-441
-766
-823
-378
-1978
765
-1207
842
48
-810
-1798
944
-1068
190
-129
1014
-1586
1118
523
-1202
1542
1657
-102
539
-1111
1048
-999
-807
-545
1719
-766
452
-1267
1944
-397
1228
-596
-905
-1611
-1850
1582
34
1349
-967
-190
-1074
387
2034
896
1877
-469
-1173
-2027
-95
-1864
-1617
135
-24
-1099
-248
346
556
1901
-20
1512
70
130
2001
-1782
1441
793
1922
918
-639
-763
-616
-1460
-454
1641
1878
-74
1923
-1842
1662
-766
1237
-1975
-168
-1169
292
-1899
1359
-1020
-1864
1594
-813
1676
-1888
-413
-2024
-262
680
-296
-914
1299
-711
1010
136
1331
-711
1771
-659
1653
-857
1453
1723
560
-987
1099
-1130
847
43
633
-1297
1322
1014
-1163
-799
-1564
-804
1909
1994
-888
801
1476
873
-1670
-804
588
-125
-202
1907
1462
518
253
-1462
1000
230
-1332
-677
2045
-1048
1379
-1210
-1389
682
-950
-343
1054
1839
1925
-635
-1589
986
-1700
1499
1564
103
-217
-1178
-348
-387
2032
-1285
-1014
532
-883
-824
-814
-1332
-2020
673
1458
-952
1110
-641
-1489
-1342
1787
-12
-1685
-724
-824
1678
1086
-698
-562
-1362
-250
14
1950
-1493
419
562
1314
1710
1688
-1660
1757
-1250
478
1805
-1528
-969
2043
-1842
951
-666
-347
-1918
85
1984
-1217
-905
275
-1710
807
-1511
421
892
-2026
-1266
-814
-553
1883
-966
-1326
-304
1377
-1662
1148
-374
-250
1584
1923
-1775
441
-575
-9
1774
763
1467
-1364
-1728
-38
-1003
-1561
-852
-831
615
-126
-1976
-684
-1896
-457
1386
1957
1298
83
-252
935
-1205
-432
2003
791
198
1230
-1370
-1910
-590
705
2009
1940
1343
-96
172
-139
-276
-49
-2020
99
-1141
-1730
-1877
-967
884
1332
1104
-1665
593
-1085
101
202
1438
-1919
1010
1282
-1658
-2021
573
-503
-1724
1261
-502
-1181
-362
1632
1231
-1214
-369
268
-24
222
-1651
213
1371
1701
579
-829
1756
-851
-1458
-1362
-1013
1798
1951
-1857
-429
1294
-1179
1756
1917
1382
840
177
-1488
1276
-1330
-1617
992
-877
-1319
-908
307
-1344
-521
-484
533
1443
-1075
-310
1602
1294
-2025
-1899
335
1945
-1864
1411
-1191
-926
-1014
1598
-1964
1575
22
-2029
-1289
-280
1210
1969
-1188
-576
-507
-1550
-1604
1801
-1986
-1803
182
404
380
699
-1148
1300
404
1599
1102
-595
532
1334
1959
-672
425
314
-1021
-655
-1464
