010001010001
000000000000
000000011100
000000010101
111111100110
111111110001
000000011000
000000101010
111111101100
000000100001
000000000000
000000001110
000000100010
111111111001
000000001001
000000000111
000000011100
111111101011
010000111111
000000000000
000000000011
000000000001
000000000110
000000010010
000000001000
000000000010
111111100010
000000100101
111111111000
000000001101
000000011001
000000010011
111111100110
000000001111
000000000011
111111111111
010001000101
000000000000
000000010000
111111100111
000000010010
111111011111
111111101101
000000001111
111111110011
000000101110
111111011100
000000011101
000000011000
111111010110
000000000110
111111101110
000000010000
000000011001
010001010111
000000000000
000000110001
000000010110
000000110100
000000001001
000000011010
000000000010
111111100111
111111110000
111111101100
111111011111
000000001000
111111111110
000000010010
000000100001
000000110001
111111101010
010001001000
000000000000
000000001011
111111101011
000000000100
111111110100
111111101011
111111101110
000000000000
111111110010
111111100010
111111011011
111111101101
111111110001
000000110100
111111110111
000000001011
000000010101
010001101101
000000000000
000001000001
000000010011
000000000100
111111100111
000000100010
000000000111
111111111000
111111110011
111111110011
111111010010
000000011010
111111111110
000000000100
000000001100
000001000001
111111101101
010001011110
000000000000
000000000111
000000010010
000000001001
111111111001
000000011001
111111101101
111111011100
111111100011
111111100111
000000010000
111111101011
000000010010
000000000100
000000011001
000000000111
111111101110
010001001010
000000000000
010000101100
000000000000
000000001100
000000010001
000000000100
000000001001
000000010001
111111111111
000000000011
111111101110
111111110101
000000001010
111111101011
111111110011
000000000010
000000001100
000000001100
111111101111
010000110101
000000000000
111111111010
111111111101
111111101000
111111111000
000000001010
000000000010
111111110110
000000001001
000000001000
000000001011
111111101111
111111110010
000000000100
111111110111
111111111010
000000000011
010000110111
000000000000
000000011001
000000010111
111111110110
111111101110
000000010001
111111100110
000000001110
000000001101
111111111110
000000000000
000000010001
000000000001
111111101000
000000001000
000000011001
111111101001
010001001001
000000000000
111111101000
111111100001
111111101101
111111011110
000000000011
111111110010
111111110111
000000100010
000000000011
000000010010
000000001010
111111111110
111111110110
000000010010
111111101000
000000011111
010000110001
000000000000
000000100101
000000001101
000000001111
000000010110
111111101100
000000001000
111111110101
111111110110
111111110110
111111110111
000000010001
000000011010
111111101101
000000100010
000000100101
111111110011
010000110111
000000000000
000000000100
000000011000
000000000010
000000010000
111111101011
000000001101
000000001000
111111110101
000000001110
111111110011
000000000011
000000001110
000000001111
111111101010
000000000100
111111101000
010000110011
000000000000
111111100110
111111111011
000000000010
111111110100
111111101111
000000001110
111111111110
000000000000
111111110111
111111011110
111111101100
111111111000
000000000010
111111110000
111111100110
000000000101
010001011100
000000000000
010001000011
000000000000
111111101110
111111011110
000000010100
000000001010
000000000000
000000000001
000000010010
111111101000
000000011011
000000011000
000000001010
111111110000
111111111111
000000001000
111111101110
000000100010
010001001000
000000000000
111111110101
000000001110
111111101111
111111111101
111111110010
111111100111
111111110111
000000000001
000000010101
000000001001
111111100110
000000000011
000000010100
111111110110
111111110101
111111110010
010000110111
000000000000
111111111000
111111100110
111111101010
000000000101
000000010111
111111110101
000000101010
000000001100
000000000010
000000010011
000000000000
111111111111
111111101111
000000000011
111111111000
000000011010
010001001010
000000000000
000000010111
000000001100
000000100001
000000010010
111111010101
111111111010
000000000001
000000000111
000000010010
000000011000
111111110010
000000011001
111111101010
111111111011
000000010111
111111110100
010000111101
000000000000
000000000100
000000010000
111111100101
111111111011
000000001101
111111111000
000000011011
111111101000
111111110111
111111111111
000000010111
000000001011
000000100001
111111101110
000000000100
111111110000
010000101001
000000000000
000000000100
000000000101
111111101110
000000000111
000000001010
000000010000
000000010101
111111110111
000000101010
111111110100
111111010101
000000000110
111111100101
000000000101
000000000100
111111111011
010001000101
000000000000
111111100110
000000001100
111111111111
111111111000
111111100110
111111111101
000000000010
111111101101
000000000001
111111111001
000000001101
000000001000
111111101110
111111111001
111111100110
111111110100
010000011111
000000000000
010001100101
000000000000
111111101011
111111100110
111111001110
111111111110
111111101111
111111111000
111111110100
111111111101
000000000000
000000000100
000000001111
111111100101
000000010011
111111111101
111111101011
000000011010
010000111101
000000000000
111111111110
000000000101
000000010011
000000010111
000000001011
111111110101
000000001001
000000000101
000000000111
000000101010
111111111110
000000010011
111111001110
000000000010
111111111110
111111111011
010001011111
000000000000
000000000000
111111010010
000000011101
111111110111
111111011001
000000000001
111111111001
000000011110
111111011001
111111110100
111111101111
000000001000
000000010011
111111101001
000000000000
000000101110
010001000011
000000000000
000000000011
000000011100
000000001001
111111001110
111111110011
000000000010
111111111001
111111111101
111111110100
000000000011
000000001011
000000001011
000000011101
000000001001
000000000011
111111100100
010000011000
000000000000
111111011101
000000001010
111111111110
000000010101
111111111010
111111110110
000000000000
111111111100
000000001001
111111111011
111111011001
111111111111
000000001001
000000110010
111111011101
111111110110
010000111011
000000000000
000000001011
111111110110
111111111110
111111101110
000000001111
000000011011
000000000111
111111010110
111111111001
111111100010
111111110011
111111111110
111111111110
111111101011
000000001011
000000001010
010001000000
000000000000
000000010000
000000001000
000000010011
000000000011
111111111110
111111101101
111111011001
000000001100
111111111001
000000000011
111111111010
000000001010
111111111110
000000010010
000000010000
111111111000
010001010100
000000000000
010001001111
000000000000
000000001001
000000000001
111111111111
111111011110
000000011100
111111011110
000001000000
111111110101
000000011100
000000110001
111111101100
111111111011
111111110100
000000001110
000000001001
111111111111
010000111000
000000000000
000000011010
111111110101
000000101001
111111111111
000000000100
111111111010
000000010011
111111110000
000000001100
000000001111
111111011110
111111110010
111111111111
000000100010
000000011010
000000001011
010000111010
000000000000
000000101001
000000011110
111111101010
000000000000
111111110000
111111110010
000000001011
111111100110
111111101111
111111110111
000000011100
000000100010
000000101001
000000000001
000000101001
111111100010
010001100011
000000000000
111111111111
000000110111
111111100111
000000000011
000000010100
000000001010
111111000110
000000010000
000001000000
000000001011
000000000100
000000000110
111111101010
000000000000
111111111111
111111001001
010001100110
000000000000
000000010100
000000110000
000000010001
111111110101
000000001001
111111111101
000000011100
111111001111
000000010011
000000010000
111111110000
000000001110
111111100111
111111111101
000000010100
111111010000
010001011000
000000000000
000000011110
000000011001
111111110000
000000000001
111111101100
000000000101
000000001100
111111110001
000000001011
000000011010
000000010100
111111110110
000000010001
000000001011
000000011110
111111100111
010001010011
000000000000
111111010111
000000001111
111111110100
111111110010
111111011110
000000001110
111111101111
000000001001
111111000110
111111110000
000000001001
000000000011
111111110000
111111111111
111111010111
111111110001
010001010011
000000000000
010000110110
000000000000
111111101110
000000000101
000000001000
000000010111
111111110111
111111110100
111111110110
111111110110
111111111000
111111100101
000000010100
000000011111
000000001000
111111111001
111111101110
111111111011
010000111011
000000000000
000000100111
111111111001
000000010101
000000001111
111111110111
111111111010
111111101010
000000100111
000000010010
111111101000
000000000001
111111110111
000000001000
111111101001
000000100111
000000000111
010001011000
000000000000
111111110001
000000000110
111111101010
111111111010
111111111100
000000010011
111111111000
000000001011
111111111110
111111101001
111111110111
000000001100
000000010101
111111110001
111111110001
111111111010
010001000111
000000000000
111111111111
111111111111
000000010011
000000010000
000000001111
111111111001
111111111101
000000100110
111111110110
000000001010
111111110111
000000000110
111111101010
000000000110
111111111111
000000000001
010000101011
000000000000
000000000100
000000010010
000000000110
111111110101
000000010110
000000010001
111111111000
000000011011
111111101010
111111011001
111111111100
111111101101
000000010011
111111110000
000000000100
111111101110
010000111100
000000000000
111111011110
000000000011
000000001010
000000001001
000000010100
111111100001
000000010010
000000011000
111111111000
111111110101
000000001111
000000000111
000000000110
000000001011
111111011110
111111111101
010001000011
000000000000
111111110001
000000001011
000000001000
000000000111
000000000001
000000001001
111111111110
000000010111
111111111101
111111011010
000000010110
111111101111
000000001010
111111110111
111111110001
111111110101
010001010000
000000000000
010001011000
000000000000
111111111001
000000000001
000000000110
000000010100
111111111101
111111100011
000000001110
111111100010
111111111101
000000001010
000000110111
000000000001
000000100011
000000001011
111111111001
111111111111
010000101101
000000000000
111111110001
000000001000
000000001011
000000000110
000000000010
111111111111
000000011011
000000000100
000000000111
000000000100
111111111001
000000011000
000000000110
111111101100
111111110001
111111111000
010000111011
000000000000
111111101101
111111111110
111111100001
111111010101
000000000001
111111110010
111111111101
111111101110
000000101000
111111010111
111111111101
000000011101
000000001011
111111111010
111111101101
000000000010
010001001000
000000000000
000000010001
000000000100
000000100001
111111111010
000000001100
000000001010
111111100110
000000000011
000000001110
000000011110
000000000010
000000000001
111111100001
000000101011
000000010001
111111111100
010000101100
000000000000
000000000011
000000001101
000000011011
000000001110
000000001101
000000101100
111111111101
111111110110
000000011011
111111111100
000000000001
000000001110
000000100001
000000000110
000000000011
111111110011
010000110000
000000000000
000000011001
111111101001
111111101001
111111111111
000000110111
111111111111
000000000111
111111111100
111111111101
000000010010
000000001100
111111110110
000000011011
111111110010
000000011001
000000010111
010000111010
000000000000
000000010001
000000000111
000000100011
111111110101
111111111001
111111101000
000000101000
000000101001
111111100110
111111111101
000000001101
111111010100
111111101001
000000000001
000000010001
111111111001
010001001101
000000000000
010001001101
000000000000
111111111110
111111111111
000000000000
111111110110
111111001110
111111101110
000000011110
111111100000
111111010101
111111101101
000000001101
111111101111
000000001011
000000100010
111111111110
000000000001
010000010010
000000000000
111111111011
000000011001
111111111001
000000001110
000000000000
111111111011
111111111001
111111110100
000000000001
000000001001
111111111110
111111111101
000000000000
000000001010
111111111011
111111100111
010001001000
000000000000
000000101001
000000001110
000000000010
000000011000
000000001010
000000001011
000000001000
111111111011
111111111110
000000010110
111111001110
000000010010
111111111001
111111110010
000000101001
111111110010
010001010010
000000000000
000000000000
000000100000
000000001001
000000001100
000000000000
000000100000
111111100110
111111110111
000000011110
000000100000
000000000000
000000000101
000000000010
111111101000
000000000000
111111100000
010001010010
000000000000
000000011001
111111011100
111111110101
111111101100
111111111010
000000010001
111111010101
000000010011
111111111001
000000001100
000000001010
111111110101
000000001001
111111110100
000000011001
000000100100
010001011000
000000000000
111111100110
000000010000
000000010000
111111111100
000000001101
000000010001
000000000001
111111110111
000000001000
000000000101
000000000000
111111100000
111111110101
000000010100
111111100110
111111110000
010001001110
000000000000
111111101001
111111111111
000000001011
111111011110
111111111110
000000000011
111111111110
111111101010
111111100110
000000001001
111111111010
111111101111
000000010000
000000000100
111111101001
000000000001
010000110101
000000000000
010000111110
000000000000
000000000000
000000010011
111111101110
111111111000
111111111001
000000011110
111111100101
111111111000
111111110110
000000001010
111111101010
111111011110
111111100101
111111110101
000000000000
111111101101
010001000000
000000000000
111111110111
000000010011
111111100011
000000010101
000000001100
000000001000
000000011100
000000000100
111111111011
111111111111
111111111001
111111100111
111111101110
000000001000
111111110111
111111101101
010000101101
000000000000
000000001111
000000001010
000000011101
111111111111
111111110110
111111110000
000000001011
111111111101
000000000001
000000000001
111111111001
111111100010
111111100011
111111101011
000000001111
111111110110
010001011101
000000000000
000000001110
000000000110
000000001111
000000001101
111111011000
000000000000
000000000000
000000001011
111111100101
000000001000
000000001100
111111111000
000000011101
000000000001
000000001110
111111111010
010001010010
000000000000
000000010011
111111101110
000000010010
111111101000
000000010011
111111011000
111111110110
111111110110
000000011100
111111111100
111111110110
000000010000
000000001111
111111110011
000000010011
000000010010
010000101100
000000000000
000000000001
111111111001
000000010110
000000000010
111111101010
000000100010
111111111011
000000000001
000000001011
000000000011
111111011000
000000000000
000000010010
000000011000
000000000001
000000000111
010001010010
000000000000
000000011100
111111101010
111111100101
000000001011
111111111001
000000011001
000000000001
111111111111
000000000000
111111110101
000000010011
000000101000
000000010110
111111111110
000000011100
000000010110
010001001101
000000000000
010001001011
000000000000
000000001111
111111100100
000000011011
000000011101
000000001110
000000000000
000000010100
111111110001
000000000010
111111110001
000000010000
111111111011
000000011110
000000000011
000000001111
000000011100
010001010011
000000000000
111111111110
000000010000
000000000110
111111110111
111111101110
111111110111
000000000101
111111110100
111111110101
000000000101
111111101110
111111110010
000000011011
111111100011
111111111110
111111110000
010000101110
000000000000
111111111100
111111111011
111111110011
111111111101
000000000101
000000001101
000000010101
111111110110
000000000100
111111110101
000000001110
000000000000
000000000110
000000001001
111111111100
000000000101
010000011011
000000000000
000000000000
111111011010
000000001001
111111101110
111111111111
000000001110
000000001010
111111101001
000000010100
000000001111
111111101110
000000001001
111111110011
000000000011
000000000000
000000100110
010001010000
000000000000
000000011111
000000000101
111111110111
000000010100
000000010110
111111110100
000000000010
000000001111
000000000101
000000001100
000000000101
111111110011
000000001001
000000010010
000000011111
111111111011
010000110011
000000000000
111111110011
111111110100
111111110110
111111111111
000000010000
000000000101
111111110101
111111111011
000000010101
000000001010
111111111111
111111110010
111111110111
111111101100
111111110011
000000001100
010001010101
000000000000
111111110100
111111111100
000000011110
111111111101
111111101110
000000001110
000000000100
000000001011
000000001010
000000010111
000000010110
000000001100
111111110110
000000000001
111111110100
000000000100
010000111101
000000000000
