111010101100
100011001110
111001011001
101000111011
111010101101
011000100001
011000000101
001010011101
011101010011
011001110011
011111010001
011010001001
110010011011
011011101011
000100101111
100001010010
001110000110
000010010011
000010011111
010011101010
000011110000
000111111010
011001010000
000111110010
000010001000
000100101110
001111111000
000111111001
101000010101
001100100110
101001011010
100001101100
100000000001
001010011111
111010110101
111001011101
101001000000
010000000011
100101011101
100111010111
001100010010
100000001101
110001111101
100001000010
100001010000
100100001111
000101101110
100001110101
110011010111
000000111101
001011110110
101010100110
101100101100
110110010101
100010100001
011100110000
110100001101
000111100000
010010100000
011011011110
001011011100
010000010110
001100110010
101111110001
101001011010
011100011100
101101000110
011011010110
010011001111
110001010010
101010111000
111100110011
001011111100
110100111010
100110101000
001100001110
101101100011
010000001111
100110100100
010111000010
100101111011
000101100010
011000001100
110110010001
011101111101
011001010101
011000001100
000101000001
010101011010
000001101111
111100101011
011111110100
110001000000
011011000100
111010100000
000010011111
101011111100
011001110100
100001110001
010000000011
110100000100
111011011010
100110010100
111010001000
100001001100
011000101100
011010001001
101011000011
111111011110
001101100010
001100011100
000011011000
110110001000
101000110100
001010111010
001110011101
001100010011
011101101111
111010111101
101111001011
010000000000
110110111000
110010110011
101000110010
100011011011
100111111110
111010100001
010101111000
111011111010
110010110001
110011001100
110000101000
010110101001
000101010011
101000001010
011110010000
001000111111
001001001101
011101101110
010011000110
000010010010
111010110111
101111110101
000011000100
100001101011
000001100011
110001000101
111000110001
111111101000
100001101010
000110001100
100111001111
111110111011
001010010101
000000000000
000010110001
011101000010
000010100101
100100010100
001100110001
000011001011
110110110101
000111110000
010101001111
010110001011
001010011000
101110011110
110100000011
000000010101
101010111011
011000111011
101110001001
000010110101
000110111100
011111100110
101111101111
111011110111
100010111100
000001110111
001111001001
100101000111
111000110100
100110110111
100010101100
111000110001
011000011010
110101111000
011010110001
100101010001
010100111000
011110000111
101011111101
111010111010
011110111010
101000101000
111000010001
000000010101
111111110100
101110000111
001111010000
010010110010
010001110010
000100010011
000101111001
110111011101
000111111010
010011001101
100111000110
110101001001
111100010000
000000111000
100000110110
100100001100
111010100100
110110011001
001010000101
000101001000
101000100101
111011010111
110110001010
010110011100
101011010100
000110100001
110001100011
101101000111
000000010000
101011110100
010011000010
111011011010
110110011101
111101111100
101101110000
101010011001
010111100110
111011111101
110000111001
111010000000
000101110110
010000111101
100000101011
000111101000
110100101110
010010010000
110001010000
100110001100
000011010001
101100111011
111010101011
001100110110
001111111010
010001101100
011010011111
100001110000
111111010100
101010110110
001000010010
000011010000
110100110111
100011010100
001110010101
100001100011
101000010010
000010110111
011011010011
011001110001
001000100011
111010000001
010110011101
110001110011
101101111101
001101010010
101101011010
001101010100
111100011111
111100001110
111110011010
000011110001
000011011010
010001111100
010101101101
010110001000
110111011011
111110000001
000010110010
111101000110
101011010111
001111110010
001110110001
110010101000
100011111101
100001111011
000110001100
110000100110
101100000010
110011100111
001110011111
111000001101
000011011000
110001001111
100101110001
101101001010
100100101110
001100001110
001001101011
000000101100
101111100011
111101001111
100100010011
111010100100
011100111011
101110001110
111110101111
100101111011
101100100101
110010101100
111111010010
101100111001
011001000110
001100000111
111110101010
011001001001
011110001011
001001100011
100100101010
110010001010
001011101000
111000110101
010101111001
001001110100
101100010011
111101010011
011011011000
000000111001
001000111110
110111111011
110001100110
011001010110
101110110001
110001110101
101100110000
001100010111
000010101000
011011111011
001111101010
000011101101
001110011100
010111000100
010010011010
100101100110
101001001100
001010110000
001001101111
101000000011
001100010000
001011010010
101001101111
111100001100
001101010000
011110011101
001010010000
110111001001
010010001111
000101100001
111111000011
111110111101
111010100000
110101110000
011101001101
101101010001
001001101000
000101110100
100110011011
101010000011
110000111001
001011000010
011010011111
101110011010
011110001101
110010001010
111101001001
110111001100
100011001010
000100101010
111011111000
011101111000
010110000110
110000001101
000000111100
100000100110
100011001000
101011000110
000000101010
000001011001
111110010000
111001011010
011110101100
000011100000
000111001010
011010110001
111101110011
000011000001
010111000110
111011110101
000110101000
111000110000
100111000011
100100110100
011011010011
100110111100
111001001001
000111111011
000111111010
000111111111
100111111101
111011101001
010000110101
011110001111
000110001000
010001111000
100100001011
100010110110
001011110001
000110011100
001010101011
101010001001
000111100111
010001000111
100101010110
011001010011
010000100111
010101001000
010000001011
001101101111
100101011100
101100101010
000010100100
011101001110
000000111100
101010110001
101001100010
000010111001
111011111101
101011011110
001110111010
110111001111
010010110101
111010101011
011110110010
001100101010
000110001110
010111001110
101000010010
111011111011
000100100101
001110111011
110111010101
000001100100
110000101101
111000000011
001011011100
001000110011
111010001010
011001111001
011110010010
101101110110
101111101110
011110111011
000111010101
011100101110
010101111111
111010001001
010111011001
001000110011
111010011010
000000001010
010100110111
101100010001
011100011001
111001111010
100010100101
011110011110
001110111000
101010100000
110111010010
010010010100
111111001110
000001110010
110110011011
111001101101
111010110101
001011111100
110110001111
111111110111
101011001000
110101001101
100001000010
100000011011
011001010000
000110001110
010001001000
010111011100
010011110110
011011111111
101100000111
001001100101
011001110000
110000010000
100011110010
101011101100
011100010100
000100100111
000010110001
101110001110
010100110010
110011000000
110111011001
111010100001
011100011000
110100111110
110111110010
001100110010
010011001110
110000100110
111100111101
010100000100
110101001001
011101101111
001101011100
010111101110
100110000011
101100000010
101111101001
110010111101
100111001010
101001001111
100000110100
010001111000
100001010100
010011010110
001100111111
000010111110
100101010100
001000011011
001100111001
101101001111
110111000111
100101001100
010010111000
001000001111
010101111111
101010100111
010111000001
100001011111
000100101001
010111101101
110101010000
010001010101
000001101101
010100010000
010001000110
011010110010
100010010010
001111010000
110110100010
000101000111
110110001010
011101101011
100111001000
000100111110
111010010101
011011000011
110111000011
111111000010
001010010010
000100001111
011110010110
111111010001
000010111110
111100010000
001000111001
000110011001
100110011110
011101011100
111110100111
100000001000
011111000010
100000001010
011010111110
100001111000
011001001001
001000101010
110111111011
000111001001
010010111100
101010001001
111111100101
110001000001
111000100011
101100000100
010110011001
000000111111
010011010010
111110000011
011101000001
100101100011
011101110000
010011111101
100101010101
010001000001
100011010010
011000010011
000101010110
110010001111
000000101010
100001100101
000000111100
001000111100
100011011110
011110110011
111010000110
100111001001
010001010001
011011010011
101111010110
000001001011
101100000101
110001100011
011100000110
110000001111
011101100000
101101000110
111100100101
011111000100
101100001101
111001100010
011001100000
110000000110
010000100101
011010011001
101110001100
011001001000
000111100101
110101011110
100011110010
010100011101
110000000111
001101011000
000110101001
110000010111
010111001110
001111110001
110001000111
111001100000
011100000011
101100000111
000100010001
110101010000
111110011110
000111110110
101100010110
111010011101
100010101010
000010101000
000101100101
001010111101
000011101111
001110010101
010001100110
010001010101
010010010011
110101001101
100111001111
010100100011
111001111000
111100000011
011011001011
011000000100
011101010110
101000000000
100111100000
000110010101
000010111111
111010000000
101011011111
010000111100
010000000001
010110000001
100100000010
100010101100
001111011110
001111000110
111001111011
010100101101
100100010000
011101010010
001101011110
001101111010
110111100011
011111010100
010010001000
110010001011
111111110100
000111010111
000100110010
100110111010
010100110110
000001001010
101001100000
100011100000
000000110101
111001110100
101101000110
011011111111
010100111111
111100110101
000110111010
101100001001
100010110000
011000101001
111111000101
000110000101
001011101110
000101000011
001011101010
001101111111
110101110110
101101111001
111111011001
110110100001
110001101100
110111111011
100010101100
111110001010
010100010001
011110011111
110011010011
000001111010
101000111011
001001010011
101010011110
010011010101
001010001111
001101111010
100010010111
110000001111
101000000011
001101011010
000011111011
110101011100
100000111001
010101100011
100010100100
111010110100
001100111110
011111010111
001001011111
001111001000
010110000010
011111100111
110100001100
111001110001
000100000001
100101010011
001010110000
001111000001
000011001101
101011100101
001000100100
100100111001
000101111011
110001001100
110011110001
101101101011
101010100111
011010001011
011000110010
110111110110
010010111111
111100111111
000110011001
101011100100
000010101010
100101111011
101110010110
010001111010
101111000100
000000000000
111101101001
111100111100
111010100100
101000100010
001011001100
111110100011
001101111001
110110100110
001110100110
001111011011
000110111001
001101011001
000100110010
111100000100
011101110000
001011011110
001111011110
011011100101
111100101100
000001100000
010011001110
110111011011
101001011011
001010000100
010100100011
111011000010
010101000001
000001100100
101010110111
001110010011
011100011110
010011011100
111111000110
100001100111
010001100101
010000000001
011100000110
010101100111
001010001010
110111101101
010000101011
111011010011
011100010001
001100100011
010010000011
011110100101
010110010010
111000011001
101000110001
000110011100
010010111101
001010110100
100010100111
010001001100
100100011101
111101011001
100000011110
001000100110
101000001110
011101001001
010110110101
000010011110
111110001111
100100001111
110101111111
011100110011
000001011100
111101111100
011000000010
110100000110
110110110111
001110000010
111010111010
000001011110
101110110000
001011101101
100010001011
000000000101
010101110110
110010011101
110100110001
101110110000
111101011111
101101001000
110001101101
000100101001
010100000001
111010011100
111101101001
111010100100
001010001100
100011011011
000010000110
100100101000
101000011010
011010001101
110011001111
000011000111
010001110011
111111011010
111110011101
110001101011
111011011000
011010000000
100011100100
100000000111
101000011111
110011110001
010011000000
010111111001
100000100101
000001011101
110011100111
110010100000
010111011011
100100100011
011100000110
111000011001
101000111000
100100011010
010110011001
100010100000
111101100110
001110110010
000001111000
011101111110
100100010111
111110101000
111001111001
011110010100
101101000010
101110011001
001110010011
010000111001
001000101010
000110101000
010100000001
111100100101
100000000100
011100001000
000100001001
010111100111
111011110101
000011100011
010100101001
110101010111
110011000111
111001001101
101011011101
011100000100
100000100011
010010111010
101111001000
101100000011
011111010010
011100010111
010101010110
000001111110
111011101000
000010110010
000101100101
101110000001
111110011101
011001010110
000111101010
110100011110
010010011101
100010000100
001010000010
001000001000
011000001010
110111111111
100100000010
101110111010
101011111010
010000101100
001101001101
100100001110
111111100110
110110000111
000011111111
111011101100
000000001001
111101001010
011110100010
101101110011
101101111010
000110001000
000110110011
100000110000
000001111010
001101100101
000000101011
011110111001
000110111001
011111000001
010000110110
110001010011
011111110011
010010100100
001110110100
101001101011
000110101111
001010010111
000000001111
111011100011
000110010110
000111101010
010101000111
101000001100
010100011010
100001110111
010011100111
010011010001
011110111110
011111010000
100110001001
000010010100
111110001101
000000101011
101010010001
111001110000
001110001000
111011010001
001110000111
110100101000
000001110010
110110100001
110011001000
001000110110
101110100011
000101011000
000000000010
100110011100
110110111111
111110001001
101001010100
100000101011
011010001100
100101011001
101101101110
011001011101
001111000001
011100001100
101011101111
011110001000
000000000000
000111000101
101000100100
011011001101
111111100100
010010110110
100100101101
000000001000
100001011111
110110000111
101101111000
001010101011
000011100110
010011011100
100111000001
101011111001
100101010111
111111110001
100111001110
100010100011
011101110000
101010011011
010101100000
111111101111
111000000001
101010101100
101110111000
000011000100
110011011000
011110111011
000010100010
101111100100
010010101001
111110100110
010101110111
001001011010
000001010011
101000111001
010011011110
101000100101
101100110010
011000001110
001110101010
001100111101
011110000111
101010110111
110010100001
010111111001
010000100000
111011111000
000010111101
001000110101
011001110010
110110100110
111010000000
101001000111
110101111100
011100110110
111010101000
111000101111
101110011010
000001010110
100110100111
011001111111
110000110011
010111101100
110000101110
111101100011
110000000000
111111000001
100010010110
101110000000
111100011011
100010100000
000101010111
001100011100
101000111001
011100100000
111111011010
010000100001
100110011110
101100000000
000100110110
100011011010
000001011000
001100101010
010001000110
111010110010
111111111000
001100101111
111111101001
010100110010
000111010111
001001100100
001000011101
110110001101
011010101100
001100000000
110100000110
100010011111
000000011000
010011010001
001011011101
101111111001
111010100001
000100101010
111011100010
111101110011
111111011111
010111000101
100010011100
111101101011
000001000111
001101000001
010010101010
101010110111
010100000010
110001000101
011010110011
010001010111
100010100010
101010110101
110100001010
001110001100
000110110000
111100010010
000011101100
011010001001
011110100001
000011000011
010010000010
110100110110
001011000110
011111001100
101110000001
100001010110
110110110111
100101101011
001000101111
110010101100
000000110111
111011110010
000100001100
110100011100
111100001110
010100011011
001101111111
101010100101
101010001101
111101001101
010000001010
001000100011
100101000111
001011110111
110110001011
011010101110
000110010001
000111100010
111110011010
100101110011
110100011000
101100101111
000101100000
111001001000
100011010000
010100110111
100110110111
001111111011
110011100100
011101000000
100010110001
001101101110
110000110011
000000110110
110010110000
110011010000
000001010001
010110110101
100010011001
100110000000
110101101000
110000000110
001111101001
111111111010
110101001011
100000010001
011000010011
000010101110
110011010001
001001101000
100100001000
100111010100
000101000000
110110100001
110110011101
010100100011
100110111011
000110001111
111110000100
101110011001
010001100001
000000110010
010000110110
101001000111
100001101001
000110011110
011110101000
010101000010
010110101001
010000010011
000100000011
101001101100
101011011101
011001110001
000110010010
101100101100
100010100101
010100000000
011000001100
110111111001
110011011010
010011100010
110101110000
100011000001
100100011000
110010111101
110011001100
111000100110
011000101100
000010001101
101001011101
010000101011
111011011111
000111001101
111010101110
001011001001
101111100000
000001011001
111111101100
001000000101
111101101111
011000100100
000000110010
011100011011
110111011001
000101110001
101011110010
