111010101100
011100110010
001110000110
111101101101
100000000001
110101100001
110011010111
111111000011
101001011010
100011100100
100101111011
111010011110
101011111100
100110001100
110110001000
010111001100
111001011001
010111000101
000010011111
101100010110
111010110101
000110100011
001011110110
010101011010
101101000110
100100101010
011000001100
001001101111
100001110001
101111111101
001010111010
110001100011
111010101101
100111011111
000011110000
111000000110
101001000000
101111111101
101100101100
001001101011
010011001111
001110101110
011101111101
100110101011
110100000100
000100100110
001100010011
100010010001
011000000101
110101100011
011001010000
111000001110
100101011101
011000101001
100010100001
100011010000
101010111000
000011001101
011000001100
111010111111
100110010100
000101111000
111010111101
010000110101
011101010011
100110001101
000010001000
111011010010
001100010010
011111110011
110100001101
111000100000
001011111100
001011000110
010101011010
111110010001
100001001100
100111010100
010000000000
001001001000
011111010001
100101110111
001111111000
111000000111
110001111101
011110111110
010010100000
100100100010
100110101000
110011110010
111100101011
100000001100
011010001001
010100111101
110010110011
010111001110
110010011011
100100010101
101000010101
110011011010
100001010000
011011110001
001011011100
101111101010
101101100011
101111110001
110001000000
100100111100
111111011110
110010011110
100011011011
011000000010
000100101111
011110101110
101001011010
011110010100
000101101110
011110001011
001100110010
010000001111
100110100100
101000111110
111010100000
111101100001
001100011100
111100101000
111010100001
101010001000
111011111010
001101001111
100001101011
111110011101
000011001011
001001001011
111011110111
011101000100
111010111010
100001000110
110101001001
000011110000
101101000111
111111110000
000111101000
001011010010
110011001100
001111011000
110001000101
000111001111
000111110000
101010110001
000001110111
110000110111
101000101000
000111101111
000000111000
011111001010
101011110100
101100111110
010010010000
001110110000
010110101001
111010101101
111111101000
011110010110
010110001011
110101101000
100101000111
000111001100
000000010101
000000001100
100100001100
000101011100
111011011010
001001100011
100110001100
111100101111
101000001010
100001110000
000110001100
011000110001
101110011110
001011111101
100110110111
011101010100
101110000111
110000110000
110110011001
110101111011
111101111100
010010010000
101100111011
000101010101
001000111111
110110110011
111110111011
110101101011
000000010101
010101000101
111000110001
100111100110
010010110010
101110001110
000101001000
010111011011
101010011001
101000011010
001100110110
110000000110
011101101110
101100111010
000000000000
111101001111
011000111011
010001110111
110101111000
100101001111
000100010011
111010000111
111011010111
001001110110
111011111101
001111000111
010001101100
100101100001
000010010010
000101001001
011101000010
111101011011
000010110101
111001000100
100101010001
101011001000
110111011101
111000000110
010110011100
010100101100
111010000000
111010001010
100001110000
000000101100
101111110101
111100111100
100100010100
110011001111
011111100110
010000010001
011110000111
010100000011
010011001101
011000111010
000110100001
001110011101
010000111101
011111010101
101010110110
110111101110
000011010000
001011001001
001101010100
000011100001
110010101000
011100000011
000000101100
010000011101
011001001001
100001110101
011001010110
010001001111
101000000011
110011110000
101101010001
110110011000
100011010100
110001101011
111100001110
000001100110
100001111011
111001110100
111101001111
011011101101
001001100011
011011010110
110001110101
010011010000
001011010010
010110010001
000101110100
011001100101
100001100011
010111101110
000011110001
111100100110
110000100110
010011111110
111010100100
100011000101
110010001010
110100011000
001100010111
111101011000
111100001100
110010110000
101010000011
001111000111
000010110111
100100101101
010001111100
101010010011
110011100111
110001100001
101110001110
000001010001
111000110101
101010000111
011011111011
110000010110
011110011101
110101110000
001011000010
100101100001
011001110001
110111011101
010110001000
001000100101
111000001101
111100101000
100101111011
010011011011
001001110100
010011101101
000011101101
110001100100
110111001001
101101110001
101110011010
100001110011
111010000001
101001100011
111110000001
111101001110
110001001111
011010001111
110010101100
000000101110
111101010011
100100101000
010111000100
101101100110
000101100001
000000111101
110010001010
000010110111
110001110011
010010000011
111101000110
010100101001
101101001010
011011010010
101100111001
100110111010
000000111001
110111000010
100101100110
010110110100
111110111101
000101100000
110111001100
011100110110
001101010010
010010100110
001111110010
110001001111
001100001110
110110010101
001100000111
000001010110
110111111011
001110011010
001010110000
110110010001
110101110000
100010110011
000100101010
000100001000
011101111000
101001111010
000011000001
101000111010
011110001111
111001111000
001101101111
011010100100
001100101010
111001110010
101101110110
010000010010
011110011110
110001001000
100000011011
100110110000
110000001101
111111000100
111011110101
111001011000
010001111000
011011110101
101100101010
111101011100
010111001110
010111101110
011110111011
111000101011
101010100000
001000101110
000110001110
101110111000
100000100110
011100111000
111000110000
011000111101
100010110110
110100001111
011101001110
111111000100
111011111011
111011011011
011100101110
101010000001
010010010100
000000110010
010111011100
101100001010
101011000110
111111010110
100100110100
100100101101
000110011100
110101010101
101010110001
010110011110
001110111011
001000101011
111010001001
101000100111
000001110010
001001100101
011011111111
010011111001
000001011001
000001110000
100110111100
000110110111
101010001001
111000011001
000010111001
000100000011
000001100100
001111010011
001000110011
000101100110
111001101101
000101001011
001001100101
100110010000
111001011010
100001010100
000111111011
111000000110
010001000111
011010101010
101011011110
110001000110
111000000011
110100100100
000000001010
101011001001
001011111100
001001110001
110000010000
011100001110
000011100000
111000110110
000111111111
011000000011
011001010011
101111011001
110111001111
101101001011
001000110011
000101110110
101100010001
100011100111
111111110111
010100111000
101011101100
100011101100
011010110001
000010001101
111011101001
101111001011
010101001000
101111110101
111010101011
100001001110
011001111001
100001101110
111001111010
011101011011
110101001101
011110111110
000100100111
111101001111
101110001110
101011001110
010111101110
011001111101
101101001111
001000111001
011010110010
011101101110
111111010001
111101000010
000111001001
101101000100
010001000001
011100101110
000001001011
010011111011
110011000000
001000100111
101100000010
010000010111
100101001100
101101001000
001111010000
001001011110
111100010000
110111000111
101010001001
000000011011
011000010011
111010101010
110001100011
100011111010
111010100001
100011101000
110010111101
011000110110
001000001111
101010000001
000101000111
001001110110
000110011001
011001100010
110001000001
000111011101
110010001111
111111010110
110000001111
100010100000
110100111110
001000001110
101001001111
011111001100
101010100111
101000111111
011101101011
011000111000
011101011100
000001011001
101100000100
101001100111
100001100101
111111000100
101101000110
000011011011
001100110010
101100110010
010001111000
011110101100
100001011111
111011010111
000100111110
000101101011
100000001000
100000111110
000000111111
101100101110
001000111100
011100100010
011111000100
010011110011
110000100110
000011000011
010011010110
110011000001
010111101101
001010110000
011011000011
001000111101
100000001010
100101000010
111110000011
100010111111
011110110011
000101111010
111001100010
100110100000
010100000100
001010110111
000010111110
011010101100
010001010101
111110010011
111111000010
110101101110
100001111000
100110110111
100101100011
100010010000
100111001001
101110101111
110000000110
101111011011
011101101111
110010100100
001000011011
110011000111
010100010000
101110111010
000100001111
100001101010
001000101010
001000000101
010011111101
011010101011
011011010011
010000101010
011010011001
010001110100
011001001000
111000011011
110101010000
000001100010
010100100011
000110001000
100010101100
110000100010
100110111010
101011001010
000110000101
110100010010
000001111010
010111000101
111010110100
110011000010
110101011110
011100001110
000111110110
010011101010
111100000011
100100110101
001111000110
000110000101
000001001010
010110100000
000101000011
110100010110
001001010011
010101100010
011111010111
110110100001
010100011101
001111111001
111010011101
011101010110
011000000100
100010101010
010100101101
011011110000
100011100000
111111001011
001101111111
001010001010
010011010101
110101110001
001111001000
101001111110
001101011000
111001010111
000010101000
111010011011
101000000000
011000100000
011101010010
110010100010
111001110100
010010111010
101101111001
000000100111
001101111010
011101101001
011111100111
001011110100
110000010111
101000110010
001010111101
111100010001
000110010101
111101000001
001101111010
001000011101
011011111111
101011000001
110110100001
001110010100
110000001111
010111111101
111001110001
111011111111
001111110001
001110111001
001110010101
101110011010
111010000000
010100100001
011111010100
101101111000
111100110101
111001000110
110111111011
011101010100
001101011010
111100000101
100101010011
110101010000
111001100000
100011111101
010001010101
101101101101
010000111100
101111111111
110010001011
000000001100
101100001001
011101010000
111110001010
101011101111
110101011100
011111000111
001111000001
111100110011
101100000111
111011101111
110101001101
011000110001
010110000001
011011111110
000111010111
111011001110
011000101001
000000111011
011110011111
001100101101
010101100011
011101011100
101011100101
110111011100
100100111001
111010000101
010001111010
010000111100
111100000100
100010010000
001110010011
100011100010
011110100101
101001101110
000010011110
000001110001
000000000101
101010001010
100100101000
010111100110
110001001100
001100001111
000000000000
000010010111
001011011110
110000100010
010011011100
000000111010
111000011001
010111001111
100100001111
001010000001
110010011101
001011001111
011010001101
001100110001
101101101011
010101011001
111100111100
000101011100
011011100101
000011010100
100001100111
101110011011
000110011100
101101000011
011100110011
111110100100
101110110000
000010100001
000011000111
101110001101
011010001011
100111001110
101000100010
110100110100
000001100000
101100110010
010000000001
100011111010
001010110100
011101011001
111101111100
100111111110
101101001000
001110010011
111111011010
000001100011
110111110110
101101000001
111110100011
110010000111
110111011011
010110100101
010101100111
110101110110
010001001100
011011100011
110100000110
001001001001
000100101001
101011111111
110001101011
000100101000
111100111111
111001100111
110110100110
110001011010
001010000100
101011011101
110111101101
101111010101
111101011001
011111100010
001110000010
000101000110
111010011100
000010010111
011010000000
011100011100
101011100100
111101010110
001111011011
111001000111
111011000010
101010111111
111011010011
100011101111
001000100110
010111110010
000001011110
010001010000
111010100100
110101110100
100000000111
010111100001
100101111011
010001101010
001101011001
111011001110
000001100100
010101001001
001100100011
101101111101
011101001001
101001001011
001011101101
011101110101
100011011011
111101111010
110011110001
101101000000
010111111001
011111011011
011101111110
011011101001
010111100111
000100001011
000001111110
000100011000
101110111010
010100000110
100000110000
111110000110
111011100011
111001101010
111001110000
110001111000
000001011101
001100011001
111110101000
000110000111
000011100011
101011010111
000010110010
111010011011
010000101100
110010110011
001101100101
111111010101
000111101010
101010111001
111011010001
110001111001
110010100000
101000100101
011110010100
010010111110
110101010111
001100111001
101110000001
000001100011
100100001110
000000011010
011110111001
111001000111
101000001100
101011100110
110100101000
111110001110
100100100011
100011111010
101110011001
110001101101
111001001101
010100100011
011001010110
111000010110
110110000111
111100000001
011111000001
101111001010
100001110111
101100011001
110110100001
001100111000
111000011001
010111001000
010000111001
110111010110
011100000100
011111011101
110100011110
101101100011
111011101100
111111110111
110001010011
100000001101
010011010001
100001000010
001000110110
010001011101
100100011010
101001100111
000110101000
101011111111
010010111010
010000111000
100010000100
110101111110
111101001010
100001011110
010010100100
110001001100
011111010000
011001110111
000101011000
111111111110
100010100000
000010011010
111100100101
011111111100
101100000011
100000101110
001000001000
100111110110
101101110011
010010000110
101001101011
111001010001
000010010100
000001110011
100110011100
001001000001
001110110010
111110001000
011100001000
111011110111
011100010111
101010101010
110111111111
011011111110
000110001000
111001001101
001010010111
111111110001
000000101011
010101101111
111110001001
010110101100
100000101011
100101110100
000000001000
011110100001
111111101111
000111111111
101000100101
010011001110
101001000111
001010000100
101110000000
000011100101
111010110010
000000001000
101111111001
000101011111
100101011001
010010010010
110110000111
010010001000
101010101100
010001001000
011000001110
110001010110
011100110110
000101011000
100010100000
111010101001
001100101111
000000010111
000100101010
000100011110
011001011101
110000111111
001010101011
111100011010
000011000100
001100101000
001100111101
100001111001
111000101111
010001100110
001100011100
010111000111
010100110010
111000101001
111101110011
000000100001
011100001100
010100010001
010011011100
011000111111
011110111011
111101011110
101010110111
001101011111
000001010110
011001011001
011100100000
000000100110
001001100100
110111100011
010111000101
011101100100
011110001000
000000000000
101011111001
011010101001
101111100100
101101010111
010111111001
101111100000
011001111111
001111001101
010000100001
011001100010
110110001101
100101010100
111101101011
111110111001
000111000101
010111011100
111111110001
011000110010
111110100110
101010001001
111011111000
111101000011
010111101100
001111010010
101100000000
111011001010
001100000000
001011111010
001101000001
101101010110
011011001101
000000011100
100010100011
100010010000
001001011010
111110101101
001000110101
100110001110
111101100011
010000000000
100011011010
111110101000
100010011111
111111101000
101010110111
101011111110
010010110110
011011010011
101010011011
101010100000
101000111001
101100100010
110110100110
000110000000
111111000001
011101101010
001100101010
101110111010
010011010001
110100100011
110001000101
100101001101
010001010111
011101011110
100001010110
001001001001
001000100011
011010111001
001111111011
001100011100
111111111010
001010110101
101110011001
101110011111
101100101100
011101011011
010000101011
000100100001
101010110101
001011110110
100101101011
110111010001
001011110111
001001110101
011101000000
011101001111
100000010001
100111101101
000000110010
101111001010
010100000000
100111110100
000111001101
000101010010
001110001100
111001010000
110010101100
111111001001
011010101110
111001101111
001101101110
001111001101
000010101110
001100101111
101001000111
011110010111
110111111001
001100100110
001011001001
010000100000
111100010010
111100010100
111011110010
111011110100
000111100010
000001100110
000000110110
001101010000
001001101000
011011111000
000110011110
100001011000
010011100010
001010010000
000001011001
000000010100
011010001001
100001011111
110100011100
000011110010
100101110011
001011101000
110011010000
111110101111
100111010100
111011000000
010101000010
101001010111
100011000001
011011101000
001000000101
000010010001
000011000011
101101111110
010100011011
110010000001
101100101111
111010100000
010110110101
011101100111
110110100001
001001100011
010000010011
111011111101
110010111101
001100110100
011000100100
111111001110
110100110110
110100111010
101010100101
010101110011
111001001000
011100110000
100110000000
001010011000
010100100011
011001000101
101001101100
010100100011
111000100110
100111010100
011100011011
001000100111
011111001100
010001111111
111101001101
101111110110
010100110111
011001001001
110000000110
110000010111
000110001111
000001111100
011001110001
111001101110
000010001101
010110100011
000101110001
010100001110
