-1286
-5398
-5017
-5455
-6409
1723
2803
-1840
4063
1267
-2730
3440
2643
-1701
-940
-1065
5497
3385
3189
-714
-3938
3768
-196
-536
-1349
-902
8264
643
1206
-3464
3359
-4183
-203
1754
-1700
4280
-2226
1802
2628
-8638
-413
-2160
-2654
120
-4583
676
-3486
-2114
1737
2220
-4603
5557
1205
1058
-143
-439
3692
3326
1584
-3323
-987
-5546
1456
-1891
-2576
-1233
808
1555
-1300
2598
-2506
1991
2760
3025
-2738
755
2954
-1606
1808
1303
-2639
2339
-5966
-2273
-2146
-2703
5387
-3163
3046
-4257
5444
3372
-811
-4012
77
2532
-3906
3868
4154
3654
-580
4777
-413
5503
-260
601
-2370
2945
-1246
42
4436
369
-1875
3169
1986
1227
-1318
-3948
-3371
1086
-160
-2456
-1323
115
508
1739
796
7709
-93
5474
1533
2302
329
2083
-728
-1903
782
-6
1259
358
-380
-1127
-3610
-1601
2608
2908
-974
1809
-774
-2010
-6695
-4144
-1284
-1189
599
2420
-2687
-1582
1617
1264
-4759
-6396
-2112
-1331
16
-461
-1625
2615
328
1152
1894
-1065
-1437
-820
2470
-2368
-385
-4523
-594
-2780
1328
4080
443
1018
-2008
902
-5803
1896
-1041
-1143
2174
918
-1136
1624
-931
-1556
-4334
-2723
-4990
-4537
-307
-4609
-215
-2384
-3985
4859
-6170
-2588
3467
200
2011
-1000
7868
-5953
1002
-3449
3673
2539
-240
2265
14
1414
-2853
1614
-1527
-1241
-3711
2256
-3841
-4769
-204
-1025
-949
3124
-1082
3282
-897
384
-113
-140
-4697
2701
1308
-3137
1318
-800
4327
95
-1011
1085
5469
-4703
1412
4016
435
-3373
2158
1195
-4213
1794
-2834
2068
-24
785
4186
-2622
1486
-271
-8345
-2237
4693
4959
-4684
1596
-4990
-942
1226
1067
2568
2692
-5034
636
2256
1429
869
159
-29
-1266
-149
-3064
1609
-119
-4041
-1225
-3093
257
-353
715
569
268
-1848
1380
-1911
170
4323
661
3859
1992
-1974
4276
-2232
-33
1770
1742
2621
-2371
4576
3613
-853
-2907
669
915
1103
98
-3178
-8
2864
-3970
-949
1143
-942
3684
-482
1857
266
2316
-1192
609
4467
2650
-1209
-246
-3254
-69
2856
2943
-2089
3868
3052
766
2305
-2551
-210
1209
1072
1824
766
1969
1312
227
-2528
-1455
2085
3383
523
5679
3911
-3731
-2283
-1393
-8158
-853
346
2255
1700
-2493
401
-797
2116
-879
-1710
-781
-6633
1751
-1318
-268
2313
-1929
-1550
324
3240
-936
1093
-3350
-4739
-1071
1275
-1997
1832
686
-2565
-1879
-1328
3593
-195
3504
-753
-1025
2034
-713
2165
-1339
4300
1304
-1892
-3767
1396
522
2377
868
-826
-2725
-160
-3007
-2268
-855
2339
-4638
-2575
6042
636
-626
1996
4511
564
-717
2402
-2255
-3865
-393
1133
-1816
9224
2082
-73
439
3621
-5374
-2848
1105
1933
-2246
-1955
-1409
-1135
-275
3587
2173
-762
8857
1617
-1650
-2189
1868
-682
-1879
-667
94
-1709
234
2585
-1614
56
2149
-2997
1761
-5843
2641
4441
-1808
1155
-382
-2472
171
1533
1795
-2627
1890
2318
2434
-28
-3710
1309
-1716
1028
474
2171
595
-963
2034
-528
2398
-3383
-4215
3381
2745
2208
-1165
202
-1584
-731
1096
-547
-2893
-610
-4061
-3282
-5264
-2291
1337
-419
3411
-2652
1996
-1187
-3688
1988
-5320
-1588
-972
111
2583
-155
1815
-912
3312
-4177
-701
-1845
2723
-3633
-2696
-1663
-5389
3061
3645
-223
-227
327
-379
-1387
1070
-2854
1854
1023
-773
-901
-2137
3633
-2236
2486
-496
-480
628
141
-5777
346
-646
-1742
1418
3044
-3229
-1669
-6976
2423
-4277
-1540
760
-4657
5770
-1674
1549
906
5346
1565
2586
163
-3548
-4148
-1662
-4632
-5058
5580
163
572
168
-723
-2868
4070
3038
3127
208
4422
-31
5106
-3168
790
-7
2674
-1738
-5423
1239
-2615
-1195
3091
876
233
4563
3
-2341
-4094
-1091
1157
1399
-4139
-897
3745
-3405
2661
1080
-4216
662
217
3138
3541
-1538
-1084
-6937
3115
409
6108
-1787
508
2498
770
-630
-5250
-1311
1146
-1140
3191
-3749
-1839
-4282
-4397
-892
-1323
-1076
-247
-298
329
-2317
-1304
-926
-260
2396
-2825
770
-815
-2196
-1972
-1640
-655
-511
-1458
4220
-731
4300
2894
-991
-3282
-636
-4302
-251
-507
3820
-2339
3451
-1051
1207
-5269
5364
-5291
4169
7162
-4623
-57
3830
2971
-4435
-189
-1585
3114
-1993
-5183
-4662
-5890
-2373
-5086
-4073
922
-5524
-1909
-917
-1492
-2922
-900
-455
1601
-2499
-3957
4330
-3245
3928
1837
510
323
3019
4635
2724
1856
294
935
-1371
3331
-3460
832
62
-2073
-785
-1467
3587
915
-1493
-56
-4970
2690
1504
-4162
-2207
-737
1047
-3667
2235
-296
4309
-659
4324
248
3497
1548
-3292
2554
2547
-1769
-263
1359
3419
1987
-468
5017
2933
-3828
-6911
1277
-2395
437
-1489
4761
-1313
-1309
2077
-954
-585
4649
-531
-663
91
1409
602
-2724
-1163
879
2731
-3407
4882
2577
1637
-3148
627
