-175
-24
97
-120
98
131
120
23
-212
-264
99
66
-36
-12
189
-371
102
168
-252
352
420
-13
-201
11
-352
228
121
386
66
214
-19
-72
64
81
148
87
31
-172
-164
-33
32
-9
-151
127
131
77
138
48
-126
253
-179
301
17
92
15
-181
59
119
-188
-181
-9
-101
340
-176
-3
-147
138
444
192
35
-117
-225
88
102
-14
20
169
343
-318
126
18
3
-144
-163
-11
-229
139
-73
322
4
-113
4
242
36
41
72
130
128
-281
140
392
-175
77
119
77
-102
102
-47
276
-42
-398
133
-75
25
-153
50
153
-38
-51
93
-172
78
12
0
89
149
-260
143
-125
13
42
-28
-263
-51
-258
87
87
-42
-213
-18
-141
-263
233
-168
-10
-1
-127
-207
118
115
36
-240
52
-67
77
-189
28
67
78
-180
10
-104
-286
-181
-331
-53
-3
-66
237
323
102
-2
-129
-121
67
359
219
-21
-503
-273
-250
71
43
32
37
-88
-24
239
239
165
438
-79
-103
-50
42
128
-69
39
-190
341
-123
208
-244
-190
-24
148
172
30
133
-233
-287
-112
-7
-172
27
-56
245
14
-196
1
-211
-96
-102
-83
-156
-134
75
-96
-48
-178
17
58
-126
122
107
-15
219
192
83
5
76
-8
117
-130
237
-57
265
-69
174
-37
118
-94
-35
35
316
39
65
49
104
86
163
138
-3
-120
131
50
82
288
187
304
600
-341
-4
71
-147
-209
24
8
154
-71
-233
-129
-90
-180
42
-12
-61
-60
25
131
-31
-68
-54
24
11
-21
-11
-43
149
9
-125
202
-220
20
170
-124
-66
46
-164
122
66
-307
-163
222
-199
-107
-61
95
-89
-75
96
161
-6
6
-323
137
-74
-33
-180
248
-29
272
-12
113
125
-116
-197
235
50
52
143
298
219
156
34
-204
-121
-184
180
-43
93
-128
6
-140
-402
-105
-209
-62
175
-180
-291
-185
-119
-169
240
-68
205
-167
-132
21
248
142
77
-117
-1
289
-80
64
-111
-183
-162
-338
59
46
-71
-43
156
-17
-145
-39
-55
-287
-144
-18
82
122
50
195
134
-67
234
141
69
23
158
264
-96
-16
-284
-124
-297
-168
92
-59
182
39
-154
-125
-9
-85
46
-97
14
-28
-194
-130
267
-58
-174
-309
-100
37
54
-199
-97
-183
-141
-262
14
-18
-186
-2
-148
271
342
94
-59
-190
-60
49
2
220
29
135
-59
-251
173
93
-21
-53
-168
-159
296
67
122
-120
9
-171
107
-171
-58
-142
8
88
-142
-159
-94
-273
-239
20
97
-38
49
17
151
19
-59
125
-355
213
-6
57
213
181
-173
-202
81
-10
-158
97
-27
-250
-154
162
-107
-127
-193
100
5
165
-190
206
-44
-74
306
-163
162
-171
30
432
-339
-93
-246
22
-456
-44
271
43
-252
176
-290
77
-86
84
-214
67
212
146
-253
43
-77
-155
143
92
66
110
-50
95
-105
-114
-116
124
-60
-20
49
-73
-255
50
131
57
17
-2
271
70
86
-197
214
37
13
26
212
-46
223
-86
4
-188
-49
-41
-314
115
-262
7
121
234
-106
174
-246
-14
-172
-19
-296
317
-34
237
-58
441
-41
252
74
269
-214
-85
-67
-301
176
-42
215
-84
-201
58
-41
293
167
-121
-69
279
-102
-147
-113
-86
213
11
72
46
-128
267
-45
-185
-43
172
-9
-173
310
111
-125
-88
-74
-166
-204
54
-185
-68
213
-360
397
145
-376
51
43
188
75
48
35
120
-7
134
118
12
-292
82
-142
-114
-178
200
60
-176
-163
-26
21
141
191
57
32
-208
310
-118
37
-197
-97
18
-9
-4
-47
-263
-14
88
-159
-107
234
42
-22
-123
-114
48
-24
121
-126
172
-1
-7
35
-134
102
62
-367
-170
-44
-201
83
175
369
-152
147
36
-50
150
-132
96
-271
107
-55
-85
-317
-222
-257
3
-234
146
-208
-327
-62
119
114
-214
133
121
222
-225
125
-156
178
158
49
-353
28
-44
141
-103
189
-50
27
256
-4
-138
-15
-465
-118
91
90
15
-339
35
-242
-166
-173
546
-29
218
313
-201
-19
110
-71
62
305
-136
-32
183
160
179
112
-58
129
-239
167
-274
-227
-238
-233
-265
-147
180
-72
-96
171
-309
-236
-197
240
-162
