1843
1478
-1569
-669
-1651
-1672
-1771
1967
-146
-1258
-506
-498
-301
-505
-805
1941
-670
420
-1027
1578
2036
1983
1778
1932
-60
1371
619
-1840
-479
-1758
-1046
1040
-1820
-1750
943
206
710
-781
-1039
-1474
-354
624
-1621
-321
-110
-2036
-1732
-159
-1651
-1027
295
377
-1580
1342
-866
-216
1485
-925
-1903
1077
585
1486
1539
-1400
848
984
-338
-1936
-589
-1222
329
-196
-98
464
1943
1586
-661
-177
-164
-817
588
-1359
-664
765
1350
1144
-444
1041
1861
-969
461
1877
-1562
-1713
-1335
1284
-1978
495
12
-976
-1138
-377
-505
1595
241
1995
349
-645
1499
630
1324
926
-16
-1217
611
1169
-1510
968
-373
2006
723
945
-208
341
-1018
-1694
44
-529
714
-917
1519
-1747
-547
-1437
1155
1191
225
103
-218
-1388
549
-178
1322
-944
1796
-395
1279
-926
-216
1680
1747
-618
1054
1774
-1851
81
1244
46
-1606
87
-1931
1751
-743
-1400
1261
-1752
-574
923
1104
1233
-167
-1002
-924
-1177
1461
-623
-784
1426
-848
-656
-1166
62
352
-1869
-616
1638
967
-1695
-1933
184
1847
265
-1414
-60
1849
-41
113
-1964
-457
142
-1478
-424
1598
-1747
440
-506
1540
-1076
-391
1782
-753
-683
-487
1707
-1062
-1035
1701
-164
-60
1439
259
-954
-1205
-1970
-398
1519
-293
555
980
-731
375
-1938
1043
-469
-1407
-1497
359
-1335
-1817
1884
-952
559
51
614
332
625
1336
1983
-1616
-1096
-1270
1274
-1647
1807
-1812
-177
-1330
551
-1816
527
-1230
195
696
-860
1662
1048
1591
1997
1964
-831
1709
-825
570
-1208
-1406
-1472
-297
688
-109
-1094
1903
606
631
1593
363
574
-658
-1942
-189
-568
1635
89
-1986
-1725
-1609
518
-1212
27
478
-1433
-1234
-1857
-1904
1708
1839
-341
-42
-60
1827
379
-1105
1067
1275
-1798
-1888
219
1268
-1632
-1061
1141
-484
1807
1018
-425
-1486
953
-1795
-273
98
1259
1879
-357
-239
-1126
-1171
1586
393
-1739
-1878
1569
-191
1313
-1025
1791
-990
389
1777
-861
542
-1159
13
-305
-1334
1441
-52
1210
-1343
-442
1873
60
-750
-746
650
40
916
1877
-1297
814
1478
1379
-655
1898
1533
-250
1992
1885
-830
-606
-1410
756
-257
-688
-204
-548
-379
784
1370
-1585
-1215
-408
-169
1130
1085
152
349
-716
-889
-934
-441
-306
-1904
-990
213
-1230
1445
-1315
-1345
1354
-1822
59
-1125
-1798
-650
-1066
-1809
-1155
-1426
1487
-1213
1882
1764
2019
1523
-1461
114
641
-91
-1538
586
327
1104
1910
-1398
719
162
915
-1281
151
-651
-133
1511
818
-1139
100
297
1821
1506
-1216
2012
793
-1499
-1798
1481
-1433
155
-119
1770
392
1215
-914
-554
-1280
2045
-265
267
-1321
825
1316
2014
1081
-2002
-1365
281
-356
100
-490
-1181
-642
-1546
1791
1287
-845
27
-255
-8
-1954
1159
-435
-121
-43
-440
-1078
-2035
-948
-431
-14
-405
-1351
-1306
-1255
-1982
1656
115
1392
-904
-903
-113
825
1118
-2
577
1452
-1676
1171
-961
1298
0
1501
29
1748
1954
1161
-230
1600
1706
1587
-1904
-1376
512
1097
809
-162
-1192
-1399
-83
-1245
1231
-938
-1927
863
-1056
-188
-1650
384
644
345
1127
1626
974
979
1025
1899
229
-343
1480
39
1635
-310
-87
-1094
8
24
-470
-540
-1708
763
-23
-732
351
287
34
1893
-71
-1194
-1282
-1715
1887
758
-432
-235
-1953
-1154
-710
1152
585
-558
-55
-268
243
-895
1396
-1033
1722
630
-400
102
745
-352
1841
1610
797
1872
974
849
-81
1896
665
-1001
694
-1555
816
1785
-319
612
1605
124
-1121
-1077
1944
-1960
-1449
-258
1315
-402
1884
-1548
807
657
1769
821
-1579
1443
289
338
1057
21
146
-50
552
1294
-1255
-1842
194
-959
742
253
945
-77
-1083
679
-503
-1536
-279
1674
-641
-1729
-624
-457
-982
-606
-649
815
-520
-916
-1273
551
334
-802
-309
1697
-1333
25
-582
158
543
1258
745
640
-137
11
-1873
1741
1356
-1095
1155
-857
-1683
-609
681
1969
-1203
680
-1412
-1940
347
214
-975
-1063
-1363
255
811
-512
877
-207
-580
82
-562
740
-1638
769
-1577
1263
30
-1590
-1484
854
-1719
1762
1220
399
-26
1194
-1808
-1873
2024
-1231
332
-1174
158
-1820
223
386
-585
-1684
-605
1009
-1616
1747
-695
-1828
471
1251
-47
1600
-433
-389
-1737
-1462
-392
1186
681
-1763
-423
1920
-489
-773
-453
502
-1140
1530
230
-676
727
2035
-407
398
1493
-429
1455
-1692
-1879
-1913
1713
-1415
1539
-458
1266
554
192
1462
945
1130
1127
-1688
39
1120
1520
-1410
-614
-773
904
-170
-868
-1525
-1067
-693
-191
1419
1910
517
-1985
1490
1222
1600
-805
1214
1006
1994
-1534
1080
1328
1687
-1896
1771
-691
-1348
4
-390
258
-1910
911
-1021
-1064
-1296
1611
-261
655
1252
1091
1311
1122
1722
1555
-33
1112
270
-526
863
811
1736
1421
-324
1902
-196
1647
1376
106
1203
205
-567
-1902
-1781
-620
1380
-984
-1590
291
1172
1742
-2027
-1918
910
-616
358
-956
338
-943
-664
1078
2019
952
1211
1747
136
-10
598
440
-1018
454
627
906
1708
1669
250
1709
-1448
-1659
360
1371
-287
-98
-1128
-1324
-1743
-945
-1045
-83
1611
1526
-1719
1226
-498
1551
405
-755
1999
805
1223
323
-1786
-71
-368
306
-1711
839
2041
-1770
-405
-678
-2022
-423
-559
-282
1754
560
1478
-1076
-456
-1326
1148
-996
326
1987
-730
-1805
-749
198
-194
697
5
-1636
-189
1540
1654
-1588
-1723
-441
-302
-472
2011
1188
271
1145
-1538
-64
-1557
-1928
-1125
552
1519
-719
-906
-1516
1768
-1889
1312
1590
-455
-110
435
-1910
-434
-619
-636
944
-658
-274
659
182
-1798
-1788
-1318
2040
-28
-912
1420
408
1630
-1674
-1670
-1623
-552
-747
1636
824
-1955
258
-516
-1762
1605
-1209
380
-1344
587
-1774
1381
655
-1847
1586
-339
-1678
-631
-844
895
318
1911
1232
-985
-1089
1545
954
-361
-696
1651
-1571
776
1146
-301
-1519
-1469
553
71
1984
-883
1043
-1885
-872
776
-1158
-166
-1210
1709
-931
-64
-950
1559
-1834
-864
-1098
-718
1785
-285
-1325
-85
1516
-767
-1523
-1468
190
-1998
-1003
210
-659
1897
-1703
-789
51
-1363
357
-1626
1378
-1589
927
-1167
-576
8
-60
29
783
1276
1080
601
1613
1720
-1419
-18
-1910
-1154
16
-1663
-95
1724
-1366
49
-168
1974
-702
333
-1614
1420
-1125
-161
855
-1599
286
99
-1205
503
-1242
-1716
-1503
1551
979
1493
-529
610
1264
182
2000
-557
-1818
565
1773
1853
-649
-559
847
-1581
-766
712
-1176
1076
-149
-423
-2001
1431
-653
1442
496
1244
99
998
61
432
1903
-1211
121
465
-603
-1061
-344
-200
-1631
1514
-625
-986
871
-1979
-1985
-1480
-1369
1303
-862
569
486
-1880
-1030
-1211
-370
-2037
406
-535
-1372
-695
-1363
94
568
947
-1686
-1941
1712
-1609
1466
1666
1373
-1544
1827
319
-1313
625
1987
763
245
1377
20
1789
-1296
-539
-1463
-578
-1065
-1840
1026
1726
684
1276
-867
-343
237
409
621
1205
-719
622
-1460
954
-1137
-1602
1851
1607
-1737
430
-911
-2033
167
-1550
-800
1569
-332
-1411
1009
2009
493
636
822
-1046
-1118
517
-1894
1075
853
-831
1370
-1387
317
526
1505
156
-234
-111
687
1902
-1332
345
-1256
-1086
1703
-652
1371
1551
470
309
594
-1934
-537
949
-1697
-1601
597
-666
1701
-1703
-1820
-441
885
-61
295
1271
-946
-358
-1307
-1432
-1463
-1768
-1153
-429
-785
262
133
553
1324
1038
1904
-869
153
560
-979
488
518
1195
-37
1431
-1706
884
162
1879
483
-1294
251
-469
-952
-1113
-1490
-549
-289
804
-780
1430
2039
-883
-827
-1245
-45
-718
-1143
157
-708
1381
1360
-1626
-119
-1734
1855
-1966
-322
-1067
1314
1250
-95
1761
1743
-1406
86
-1170
-969
-1809
-294
-807
-1244
-1524
1356
-267
-1345
1954
124
1923
-1259
-420
-1594
1907
-1001
-708
-33
-644
1811
-1358
-945
-1524
1321
1376
722
-2044
-1188
1930
-1585
614
-1467
-279
-1582
-26
205
-836
954
-159
2025
1057
1017
-1771
-1438
-1076
-670
2018
583
1402
-1482
243
564
427
267
1848
-1855
-14
-553
1229
1219
1256
-60
-1774
-474
-1412
-1222
-1192
1857
2027
-1403
-570
-1849
192
475
-393
333
1520
-74
340
1003
1633
1668
-1055
-1548
-119
-423
-521
204
-503
1529
167
275
-603
1698
425
-1934
1706
-140
1743
-587
1453
-1861
812
1068
1830
-29
-419
-279
-783
-1617
418
1234
633
-14
264
1064
-432
-238
-1432
-769
-1660
1530
2022
837
-1898
893
-1387
-1854
-1591
562
1685
-425
-587
-607
-618
866
881
1688
1232
-188
253
587
1419
238
-653
640
115
1189
149
1596
-115
987
-1933
-291
242
1491
1029
211
-745
-396
-1215
1370
-1087
-1102
997
128
-867
-635
1313
-538
1996
105
1954
1810
-993
919
-1165
1780
-739
-78
-1770
-1296
-322
-1465
-1925
-1690
919
-1818
442
863
490
-1401
-372
1167
1586
1685
88
43
371
243
1378
-1687
-273
-1791
1268
834
1599
517
-1379
-1061
1333
1703
1012
-417
1697
-1694
-1126
-723
-1190
126
-1074
1139
-1013
-195
1356
1960
1910
-1251
-1877
467
1299
1016
-1093
-658
-1212
1697
-1074
2021
1986
1935
675
1661
-775
1047
738
581
-1694
1203
114
-1356
34
-1608
-1194
1242
-1744
-1850
-1156
936
-1004
-1693
919
-798
-220
-107
1889
-1826
1796
995
850
-1546
-495
669
-1987
370
1775
1623
1699
-1257
-301
-34
606
952
834
-1367
1280
-1640
-967
-2008
910
-1487
-459
-227
973
-1463
-1998
-545
763
159
1993
2027
-593
255
1504
554
-574
-821
483
555
1118
-365
1583
-1948
54
189
-735
-1103
-57
-1168
-825
-719
-708
428
1142
-1352
-1653
-1813
761
-1043
-1513
-1968
-58
-43
-1079
-498
688
-1681
-249
1253
-905
-858
406
-847
1803
1058
133
-1431
-1848
-932
1753
-910
1301
-1947
1986
166
1903
-1813
395
-1830
1103
804
438
1259
-1977
443
-238
772
1905
-1640
1187
1347
-980
-1798
-225
1593
-537
1619
1190
162
1298
94
1188
-932
1130
-993
-821
598
-972
1797
1093
1916
-429
882
-622
-60
-1455
-1300
-1143
1113
-234
-926
1858
976
-1310
477
1352
1304
1913
37
1240
-1440
-1495
-1960
350
1055
414
-1507
694
-504
483
484
-388
-1267
1707
1384
-1034
801
-456
-532
-1682
-78
69
-1930
553
-1128
347
232
-26
539
-1460
1848
-126
-1619
1056
1943
252
155
-1424
-13
-1153
109
423
-682
-322
1473
136
445
-990
-164
1470
907
-1053
-318
-805
-1949
2028
-1265
-1510
1713
-4
1923
534
1896
-573
514
-667
-617
94
-1524
40
1334
310
-1604
-1410
-2043
-1720
-1694
-623
475
970
12
1912
-956
79
-617
1769
-19
946
544
513
-1044
1200
-638
-142
530
2035
-1946
1361
-219
505
-836
-958
-1309
27
-1991
792
1755
369
1161
1348
-755
1460
-1800
652
-784
-48
-1338
1632
721
1922
-338
858
1569
1427
-736
-1650
-314
-1798
-2019
-564
1256
1498
945
1847
-543
996
-2006
1841
-1688
1985
-1871
1451
-395
1814
-1494
-1782
776
496
-1979
413
1484
460
1386
1942
755
1652
833
-373
-483
586
539
-129
-1257
237
-489
-726
421
327
1310
743
-1155
-338
-1284
-42
328
-660
398
-486
-746
91
-1606
1073
-219
-538
-1333
1102
-1656
682
-1670
429
142
-62
250
1427
-1111
1723
-1898
-329
-1480
600
-174
513
594
845
151
767
-1325
1875
1985
-547
-1991
1797
127
-1908
1745
1897
278
574
-1666
787
-1990
-1965
735
-1147
147
-212
-205
1370
778
1440
1653
112
-822
1873
-1248
-1044
-129
-1070
-1163
448
-1131
1121
-1554
-322
-1353
913
299
389
869
-514
-355
-539
-426
1863
1237
508
1187
-550
-638
-1873
1289
-1812
-508
852
-16
-134
859
1662
487
-66
-574
-216
1503
-963
458
1525
887
-987
939
282
1346
-1290
1527
383
-832
-402
1516
-1162
1043
513
1177
1136
1009
-2026
1977
-1643
-1078
-1914
-1578
-1164
744
-238
130
-1932
1336
-248
540
-1916
1393
-2021
-1610
291
195
-1936
648
519
-1294
-1992
1386
-762
-1630
1348
-1435
-707
-1526
-41
-1410
712
-775
1082
456
-1259
-1334
-1046
922
-1218
877
-271
-681
-808
-1045
-1787
-1100
269
325
-627
232
-1253
-70
-827
-1367
-41
-278
-1899
-446
955
-215
278
100
-1897
120
-1930
-465
-575
-1784
1928
1335
1589
-1237
-1605
-352
1764
354
-1875
-1854
1866
-1813
-454
164
2
-1842
1758
1880
-1002
1377
1131
912
-1085
700
729
-1438
-1496
-486
5
-1316
-1256
-623
2032
-1389
-1784
1952
-1930
-1758
77
210
1356
-1888
-532
1726
1280
432
-1572
-700
1584
1675
691
-1474
-1157
-1650
-2029
-274
1742
1487
-300
1882
-201
-325
201
122
-1876
-1839
1583
1141
-111
-1625
-1836
-98
732
1575
-1472
628
-1458
712
408
-1761
-708
-2007
2035
-1877
-993
872
-1964
1972
-752
246
-141
110
-289
531
-322
461
-783
1466
182
-494
-609
19
-1016
2001
177
-707
173
508
1988
486
1111
736
-1629
961
-836
541
1751
1916
-1544
-1501
-1942
1384
-670
-1913
312
-1370
1305
-415
231
-1831
-541
678
1320
39
1441
-352
1388
1022
745
942
2002
-1792
-527
-37
-1620
-1649
202
-253
-1112
543
1295
952
-1782
-1110
-1174
-2019
-1847
-143
783
-955
-1791
1446
-1511
-1598
1006
-330
-1448
799
1752
-1574
-869
1537
-1886
1065
1700
-1219
-1250
1741
1
469
-1121
-1166
-354
-1704
-1756
672
-1393
-1151
1615
-477
-1092
-30
-1271
-781
-1742
61
1147
-208
980
-746
1381
334
-344
723
-674
381
-1280
1675
-1947
1210
376
1485
1257
584
-777
2031
-1736
1886
-1924
269
1549
180
-1384
-70
524
-399
1756
-1936
-194
-453
-715
1727
-314
-1801
-767
-1198
810
1045
1340
140
-997
-1906
119
711
527
-844
112
1946
-773
-324
1937
342
-1431
-41
-84
710
-1980
-696
-107
-1006
573
1027
-346
-633
242
-589
182
1914
-1529
1445
-459
1431
212
-665
-580
1967
-1454
379
839
-1861
-1089
446
-180
-970
1138
-1608
1625
1686
-1210
-936
-1914
-65
-616
1080
-2043
-1279
-1610
-556
-1179
830
-1841
1185
1897
-112
-1126
172
-473
-175
-724
590
-88
-49
1872
-1510
364
-1368
-1563
29
-612
1396
679
814
656
-897
-834
-602
942
577
1355
-1834
-1844
-910
-1858
-1516
1913
1857
-728
1982
253
1580
403
-393
1847
415
-1415
-1950
788
79
-87
645
154
-1806
462
-1287
-781
-276
-1136
706
1358
-1070
1334
745
1676
784
2001
-1258
-1732
435
-275
826
-1845
-1214
-259
-1660
-256
-1171
-1982
1849
292
1500
1469
1306
159
-1074
484
997
-1876
1443
-1500
-682
-1744
-1259
-388
-1724
-1555
182
28
-80
393
-1926
1006
1686
1564
-1326
1503
862
-1656
-1186
2046
-462
1731
403
-1540
-863
-1680
-494
1206
-1029
-1618
-649
1586
-1907
179
1846
507
131
1999
477
-99
2031
-1014
-405
2
-546
-1006
-1770
885
1156
1035
989
258
1937
436
1638
-108
-1577
1351
1027
-1978
1061
-320
1276
-1676
1540
657
-610
1661
957
500
-61
267
1807
-258
368
374
491
1214
-1455
32
676
-823
1700
1504
85
557
1914
67
-594
-1264
-353
1866
732
-831
1262
1441
603
643
891
-856
258
-971
-1349
-256
567
-1065
1135
-1461
-238
-747
-1092
-127
728
692
1282
-1120
898
2025
-1486
-1585
-93
-1668
-1759
-1258
-174
-1291
-504
114
297
1027
-1261
-1621
1471
-847
693
1558
1944
367
-546
746
-1237
-937
1788
-873
1606
-1046
-1521
1597
1743
-1110
775
-1067
1919
1111
-1243
1115
-1993
1745
716
-250
-558
1733
1284
299
-1114
580
-940
-1109
761
861
-1607
-1302
1234
1574
-563
26
-35
1388
-161
-1477
-638
-1014
-386
2027
-1580
-1032
-1730
-591
821
-901
-1905
-455
1004
-882
-1347
1210
1456
-799
-2042
-1515
233
-1808
434
-1003
394
1627
1949
-1570
-478
-1133
-402
1615
777
-1816
77
-1860
1625
1167
276
2018
1051
-13
855
-982
41
-1658
-795
678
-360
-1636
1787
1292
1865
-214
63
-1921
1043
1235
-285
268
772
-1412
1523
-822
1658
1894
-1002
1850
1812
2038
1507
287
-1220
783
1602
3
-390
952
-726
629
948
-263
27
-12
-585
-815
-40
-1399
-1684
-385
-1501
-1084
-987
332
-1463
66
-1645
-740
1973
625
1643
741
2047
988
1983
-542
1299
-1766
636
1179
-1143
1569
-1448
-1796
1587
823
-774
766
-1196
-475
-719
-971
-1446
-209
1302
531
1785
608
-917
-1555
1785
1013
-1395
1866
1923
1760
130
1388
228
-1668
274
192
1742
633
1279
799
-1391
-756
-912
-2006
1743
1443
834
-429
-235
1617
-690
1120
519
489
1474
-1803
-1998
-426
-97
110
1292
-972
1660
-954
-1077
-971
828
1725
1520
-1532
34
1887
-1805
1077
-290
-1913
1080
-1758
-2009
1393
-928
-2002
-302
379
380
1583
1970
1095
544
-1654
-921
1545
1066
607
24
-704
-295
1111
-64
210
1201
-1161
-1828
-322
-1272
1178
-651
742
1706
-1424
632
212
137
1320
776
56
1994
1532
380
-313
-508
-635
1725
2017
-674
-1423
-1346
774
-236
1839
-879
332
671
1330
-876
-622
687
1673
-915
287
-1812
-1960
55
1676
1486
-826
1953
-1177
-389
1459
-1556
-1123
-1957
407
-1462
-1262
2034
-866
-1161
-1552
-417
-184
97
-1212
-457
-1042
1014
76
-1373
-581
-1487
902
634
1722
-1748
808
1698
108
-658
183
87
1985
227
234
48
-260
-206
420
-1977
1358
504
-115
-1639
-365
-1227
-1856
1249
1890
-1612
-442
-1707
764
759
616
720
-811
-1040
-103
1160
-1056
1889
1805
-1952
-265
1799
-1746
-1000
1775
990
200
351
-244
1673
1721
614
569
-1999
1578
-1707
-2024
137
-477
63
1885
-878
1930
904
-917
2045
-406
-302
1949
-439
905
1821
653
-775
603
908
-1224
-1760
-1327
1289
-1767
489
665
902
-1255
437
1005
1530
-1635
-870
1984
-1982
947
1250
258
1410
-1925
-437
-1355
219
1059
-1019
1064
-1781
-243
937
-678
-1246
1007
-436
-1519
356
368
-386
-1070
-271
188
2002
-1375
814
1305
-93
1779
-1741
-37
487
-1121
-1216
1278
-959
-1537
1522
-1814
576
628
1811
-1765
-523
-865
1017
-225
-806
-1453
-262
-972
-412
-1637
-990
-1624
-1270
-231
648
-563
-1924
-124
1753
-672
479
-1761
750
-1334
-449
2026
-679
41
479
313
-88
-1280
-1875
1119
1991
404
55
1759
488
-361
-343
-884
-364
-1018
1
-336
-568
1980
-109
-1219
480
-244
-1709
-1994
-9
533
-1729
-1788
1578
-463
972
1192
1680
1875
-1716
-1448
-1492
827
1844
1178
831
1527
1016
322
-1317
-419
153
-1888
-1343
1314
-747
2026
-972
305
376
-847
1330
1366
-1901
1905
-1393
-157
54
-380
-1656
-1571
1011
-144
-1587
-139
-812
-1825
1010
417
1931
756
1523
1495
1199
1638
204
1541
1333
1590
1193
-617
233
1848
-1631
278
149
-712
-1602
-743
-1595
737
1924
514
-1245
-1
2023
1277
-1223
769
-1977
-1874
-622
70
604
408
1472
-345
1152
-963
-1654
-413
2022
-430
-1552
-427
-523
1873
-561
-62
-782
-118
-846
-1377
1428
1989
-1601
-1877
143
642
-60
1976
1142
-1259
736
2030
-1454
-801
1765
1362
-1801
-637
-778
616
-1983
1277
-1929
1227
-23
1522
1807
1239
92
183
-1862
1062
-445
-308
1222
256
-150
-1926
-1146
1732
-342
894
-913
-1759
-1155
-2024
-1427
-949
26
982
-1031
900
-1289
-1025
413
1626
1365
-458
838
296
1452
-50
-1215
350
-1223
-509
571
-851
92
-1534
575
-154
-335
1690
1873
-191
-863
-316
-1838
526
-430
1335
-547
-549
1182
700
-901
970
1535
-1959
-931
-1620
-824
-235
815
-1670
-1497
643
-783
-1523
-1628
1324
954
637
-655
-369
-1373
-559
-734
-699
-382
1242
1840
1704
-1804
1798
1257
-1508
976
-2007
-972
-261
-1341
-756
-166
81
-308
-183
-347
-1316
2010
546
1895
1217
1095
-645
-459
182
-1023
296
375
-798
883
-20
-528
-1984
-1274
-702
116
-355
922
657
1470
1787
1855
1323
896
-2012
1513
-480
-1589
696
1745
-430
1222
953
-169
-1539
-604
-1968
-1265
416
1523
439
-1879
-1333
609
994
-1070
-1337
1149
-1167
-36
1149
-1561
-497
-1122
-870
2039
-883
1672
1125
1738
-858
1278
-914
898
-1086
144
1769
342
-18
722
-1777
-385
599
-1475
-1750
256
1883
1752
417
1789
-388
1302
873
1082
-41
1257
-888
1364
-1962
885
-199
-1967
509
-1714
-1291
-138
860
894
-112
-1037
-1029
-465
1923
-340
-512
-313
32
855
-901
1895
-1337
1125
742
37
-1851
854
1735
925
90
-1007
-1734
-1044
-449
-918
-1475
-1892
267
-786
416
238
1640
-268
1368
-973
397
1597
-37
-916
-1207
-427
795
-1787
681
-2001
-1910
1797
-642
-842
-559
707
1902
-1794
1201
1913
905
-833
1278
-1427
1139
-2
-63
1778
1708
1010
-1531
-1528
556
-748
-295
-1963
-12
-1973
1741
1431
-113
52
-1585
-1618
1031
736
-487
1977
-1039
1134
-779
-799
-340
-450
-799
-600
-333
-1754
-206
-1594
535
588
35
-1793
-524
784
-1881
-277
1487
99
-902
-2037
1595
-733
-1580
105
-1467
-512
-692
-1264
-663
986
198
-1080
910
1165
2021
183
-322
1543
1354
-1296
305
-1716
147
-782
776
1242
835
1441
-958
-872
1840
-849
446
-1447
-161
-711
-2013
-355
-155
500
356
794
-1069
-328
-1878
-14
1732
-1645
737
-1055
402
-1619
1202
-1402
-1179
-333
-1524
-1803
-449
1149
-1509
-1790
1526
-1208
-40
1871
-1915
1994
228
170
-212
-382
1626
1830
1706
1314
1789
-1727
2003
-752
-639
-864
1455
438
-834
-106
-1623
339
1783
-196
344
1762
-888
-471
697
1117
-1676
-660
-951
-1140
1512
-1917
-1253
884
-288
654
1523
913
1530
-2041
-868
-1761
1285
1119
-535
1394
951
1934
-2031
-171
-547
-722
-2019
-1230
-1113
935
-564
-1649
-57
580
-912
-490
-1582
-219
-1782
444
-934
973
81
-1482
2004
1070
-1187
-384
1892
439
1128
1467
814
-188
-1435
-1621
-1685
-1052
-647
-182
1916
1130
1724
1386
-1108
457
-330
554
1143
-641
-153
-1267
-1881
-1701
-364
-162
1005
-1214
-764
-54
-672
232
350
2028
1183
-661
-542
-1723
-1360
715
-1049
1359
135
-1364
1296
465
2034
-493
1940
-416
1922
1074
-1946
218
-340
-425
423
-601
715
72
-311
214
49
26
-25
-652
518
-1113
656
970
928
-866
-991
-184
-1682
-1851
825
-1756
912
-379
30
1270
1129
1268
-975
-65
-1240
98
-1400
1390
1433
-2027
-248
-684
-651
-597
-1251
-1650
-69
761
-1926
-298
644
1214
583
-249
1344
-1513
637
-935
-1318
-657
-1607
-1501
-787
1184
-176
228
-1203
-1695
-745
-1655
236
682
-812
90
103
1977
-473
1771
1129
-1240
-1925
1043
270
1998
-1673
1518
131
-1169
423
1532
1555
-438
-493
-2025
-1538
358
-848
-1354
-1959
486
1471
1113
369
-117
-189
-1065
-951
442
725
-1334
-1775
55
1184
-172
946
-1928
-1744
81
1300
-389
-361
-1506
-1671
-846
-2045
1299
1805
-1673
1589
1356
-1553
-1452
1665
-704
-1580
1676
1217
904
628
-1726
-1721
-919
1546
1188
339
-55
626
-38
1904
-716
-378
-1501
-642
-79
-646
-1004
1523
-1877
-1901
-1699
281
1887
-1196
1504
-1562
1815
592
1805
719
-211
-420
1390
-773
-1876
423
697
-630
-970
-437
-983
1659
1792
-1040
509
-1215
-1786
-1921
-975
-1710
1534
-784
1439
-1963
1024
-491
1624
1964
300
373
-1341
-1964
-1971
643
1418
-207
1523
771
-254
-610
-237
1288
1969
757
1071
-1741
-871
610
53
-1543
71
219
386
-686
-712
-511
-411
-1228
-445
-211
1090
-9
1694
-1530
142
972
-423
-234
-1502
-982
-1321
804
-1409
-617
-709
695
86
-12
-1918
922
247
1728
-1808
719
-1258
1855
-107
424
-1407
1608
-860
-1963
1952
1955
1388
-853
1782
879
715
-1215
-419
-1336
99
-1360
-1408
1861
1632
-2000
1731
510
51
-555
702
-1887
114
1723
-180
2019
1428
-618
279
1982
791
169
1847
1842
1127
1986
879
1389
-416
1271
-1212
1781
1008
-1609
907
1656
1979
140
400
-1207
-1376
1187
-1616
-514
-381
1283
1331
-2032
880
1805
-710
1526
-1032
731
-634
-1201
-1566
1356
746
-1801
450
1096
976
1050
-1368
940
1462
136
-496
148
488
136
937
-29
1876
-1766
596
-1964
-569
285
640
1171
-719
-137
1025
-28
-1462
-1304
-327
1165
1887
-1304
750
1217
412
1163
-1034
143
-373
-216
-834
-803
-814
1534
-1504
949
732
-602
-1107
-1678
-352
-602
1064
-666
-46
-830
336
1810
-197
127
21
-420
-13
362
1683
-1181
2046
-1220
-1307
916
774
-1631
1092
428
-241
1995
-1324
692
-1670
1785
-1062
-1290
-221
-1512
-338
-511
925
-673
127
-271
823
525
1145
353
-564
1279
579
720
1938
-865
-1463
1699
-2035
148
-1233
1646
-1904
863
-1058
-358
-110
1997
-1205
1177
-1834
1654
135
-929
1045
1407
1445
1962
-1542
-684
1516
1852
1932
1358
1073
-695
-825
-1701
-172
173
-780
1075
141
1096
1333
1579
1305
1581
834
-528
-1841
-1203
-1247
1942
368
-683
-1105
1363
-110
694
464
-1663
-625
1394
1638
1378
-508
-411
167
-886
-1579
857
-1215
-1500
335
1964
-179
-779
1608
-163
1742
1444
1984
-305
-313
93
1956
1580
893
559
515
1113
1903
-566
1592
-1169
1697
-2010
-588
-49
1236
1599
1043
1221
-1676
1524
1816
-275
971
-1232
-1452
237
-910
-202
-1484
-43
-609
-1998
2005
-1327
-1165
-752
417
-27
-1956
1524
1538
190
-1976
391
985
1249
1273
792
1770
218
814
-331
-76
1581
-918
-1472
-1342
1129
-1104
-375
-194
299
-481
1773
-1626
-1579
771
1810
558
-1066
-433
-1415
327
975
-1958
325
400
-896
-781
-269
-213
1677
896
-797
1775
-481
-165
1113
-497
-711
-711
1959
1110
961
-345
-1599
-1918
1875
275
-795
2044
-715
-426
-321
-678
691
-329
-623
1430
467
2006
-1865
-1047
-335
-1909
-1596
-2006
1225
-165
-581
1280
629
-1483
-697
-1737
1620
1764
-444
791
-1266
531
-1153
1183
890
1136
-1680
1949
-992
876
479
1100
1720
-1075
-391
942
-1760
-1067
-1695
840
-214
-782
-1615
-1561
1882
1502
1952
1761
-644
1166
44
383
-83
-1856
195
-1970
-1
-1542
607
-398
121
208
-1804
-1974
-1205
-779
-427
133
1005
-1931
1080
-472
-1253
-1037
1983
-1433
-17
-1902
-1472
-995
-1242
-1428
-1126
1243
-341
1545
-644
818
1407
1734
-655
1456
-1238
553
586
-1356
-1509
-159
415
-948
463
1577
1261
298
-1210
-746
-1967
-1260
173
-1606
928
1473
-1091
1657
1283
553
1251
-278
-1372
-929
-165
-943
844
-1192
-1090
-602
834
417
1539
-607
-208
423
-510
-1615
719
556
1299
1474
83
1608
513
-294
923
1351
-1025
118
-850
-314
-1864
1628
-273
1512
-1100
1118
-24
-792
-1759
-482
1726
1236
-1321
-257
1985
-1428
-377
-508
215
22
-614
-1057
-1726
1150
806
-808
-1327
-978
-1602
-203
-2001
789
1872
-848
-1368
1472
-1298
-1059
-676
-342
-1331
1005
-998
594
466
-1979
1660
1339
1086
-3
1450
-138
1937
1185
1135
576
632
-1752
-1190
981
385
1249
749
1889
2014
-11
273
386
-980
-1909
1340
1721
-426
1247
-1560
-466
149
292
-482
-438
-859
-710
-295
917
-1968
2046
239
1757
953
748
-2004
-303
-90
-942
1221
-1570
1166
-1187
335
-1691
-297
94
1497
870
1778
-530
-360
1720
-1175
359
1916
-361
1496
1692
-548
-1791
-57
-678
-1431
-785
898
1374
1569
-1873
1532
1890
-1384
569
-618
1228
835
-181
-1175
-1196
34
-590
-1248
228
-725
63
324
-817
899
1102
927
-1775
664
1633
-1772
-26
102
604
-864
2037
-817
1062
1536
-1468
389
-837
-1960
1120
1828
-405
-1348
-1574
1965
-1444
-1991
-1879
104
-351
-928
-612
-1660
1131
1845
-128
303
860
-1904
16
-13
2
-268
-1243
-1186
-143
-270
1648
981
-864
-1677
53
1569
-1263
-671
1988
352
1674
1732
-1072
1501
-331
562
-124
1554
-1481
801
-389
654
1693
1007
-16
2023
814
-630
112
1520
245
1330
-577
-1659
-232
1090
54
-830
1263
1608
678
2047
-543
366
-134
2011
1513
-22
1373
-1972
1751
1558
-795
525
1596
1330
1720
-759
835
-1798
314
1097
1581
1683
1553
-621
-848
-1547
-1982
582
137
898
641
1982
1770
-1673
688
1585
843
1425
-1054
2023
11
1178
-1228
483
-1414
-1132
1249
185
-1768
1149
1869
-1579
1758
-677
596
-1472
160
440
281
-1442
875
-264
1612
-829
1872
-636
-1463
-171
326
1830
-1004
1173
-1502
-1745
-753
1588
-1838
985
-412
867
301
194
-2041
-1296
-1173
897
-1675
928
1391
444
740
1143
76
-1815
-1795
1030
1817
577
191
-61
1999
-1611
-252
1989
317
-1722
-1505
-106
1803
1220
-1600
-446
-966
1934
-567
913
-1333
1637
768
-1481
95
1086
689
-1656
391
-299
-1109
987
-821
1722
1677
-1801
-465
2029
1789
-6
694
-595
81
44
-219
1949
1958
1714
1784
-592
-1351
1630
-1680
-284
-1096
23
727
1236
451
-1609
643
1276
-1127
-615
-1854
1550
-851
-127
1992
842
858
223
95
1987
810
-547
477
539
-1882
1795
988
-1507
703
-1916
150
704
-539
-966
847
95
-1689
-101
325
-179
-1023
-893
513
344
-1869
-1788
-1399
-563
1937
469
146
55
107
2012
924
-1637
865
-495
-1395
-1696
-928
-1751
84
98
-861
-530
970
1032
-737
1167
-868
1259
-481
-611
592
195
-689
-165
1035
5
-1215
-411
-100
-1240
1831
9
-614
2027
1067
-789
27
-119
-445
-632
-1283
-1023
-1827
-1953
1488
-682
681
-1089
-805
575
-154
871
-1340
240
-1703
-808
139
888
-1060
1681
179
1113
-1702
443
1247
-1038
-680
1162
-658
1504
2026
-368
800
540
-1275
-1356
-1544
1472
-374
-1649
-394
1991
-650
1310
1993
1579
1984
217
-1529
-1320
715
1698
-1035
436
1186
-1638
-1910
1512
-697
1311
-900
-632
-918
-227
1121
373
-1064
630
1142
1225
1460
-1430
-1156
1390
1525
405
-1040
785
1996
-1852
1612
1724
-419
-346
1799
-1364
1008
1182
-1816
974
-1080
-182
-1536
1327
245
-2032
-277
1410
1858
202
-757
-162
1489
-661
-1819
1133
196
364
147
1751
951
-208
1708
1524
-1739
-1898
-987
1064
847
393
-1403
1165
-149
-1336
1096
583
100
1881
1045
-667
98
1511
1607
1245
-963
-607
853
-312
-821
887
1303
408
1960
856
-1173
434
-785
1404
-1676
-96
793
630
916
1161
-1464
570
-1309
-1366
887
-1899
-903
-1573
-1033
1573
-1307
1776
-1315
193
1911
593
-478
-1097
1679
1400
-236
1812
721
222
-1258
827
-1255
237
-1852
1233
1044
-1238
-1044
843
641
2026
826
-346
-2014
-907
-273
1290
1472
-115
667
1146
-1038
-1648
267
451
1521
-947
-1526
1453
32
1595
-992
-1298
-1078
-1769
1943
-1482
1509
-508
1770
-926
1539
-466
677
-1604
-256
-487
-458
287
-1359
-1954
1989
-83
-1878
-591
1610
-619
322
1394
-257
-1289
-10
-1726
326
-166
-505
371
1235
-38
1979
1050
268
1831
917
-1654
1557
1934
948
-112
639
106
410
803
-1354
1175
-1920
-1364
-938
-611
1561
134
610
1117
103
-1347
254
-1198
965
370
1272
2037
983
-300
-876
-1550
-431
465
1977
619
783
1543
747
382
523
647
-1968
247
1960
-324
722
-1607
-533
-121
-1273
1305
890
-181
-1343
99
-605
-207
-1886
-32
992
71
525
1908
1727
165
1996
890
-1834
-432
-1672
-1835
35
1200
889
-1851
-912
-158
1610
-1730
-1920
-154
-1686
539
-1887
1800
-1564
531
220
-248
-1478
1730
-1736
172
1579
750
-283
1247
-448
-155
1662
-1356
-826
1243
-424
633
1485
1587
1510
672
-313
889
1547
611
514
-392
372
-1814
1050
-1167
-1064
1670
1140
379
-1938
1036
-1080
338
1926
-526
-1157
-240
642
1450
253
411
-1771
-661
-135
-722
-1529
1962
-491
1024
984
751
-469
-1624
1507
1439
-2000
-336
45
1826
667
1248
273
492
1523
-860
-1275
1866
368
1204
1503
-960
1892
-1195
631
-1101
-1325
883
1758
9
1550
-638
-634
-55
-1258
-1105
-125
-1520
-1658
1658
-1606
-540
-18
786
553
786
1787
-732
865
-1552
-2029
933
-691
-573
1597
-1885
-1651
1756
1157
300
418
-346
1663
-486
-501
481
1846
601
130
-1751
1988
1279
-1992
-1555
188
-198
2011
-163
1904
-1808
181
-654
275
1001
40
-1653
1893
-859
-1798
16
-362
-429
1905
-105
-1746
-610
-1372
-658
-438
1322
-1323
1830
-1322
912
1607
-1970
56
-1952
51
758
690
470
-997
266
1257
1642
-1338
-1723
161
-529
-496
1535
-553
91
-1379
472
-98
36
-1184
-845
1896
-1948
-1763
1189
-1816
-1785
-2035
136
-822
-1084
-1844
1958
-284
1231
-16
1915
-2033
400
-259
-515
1994
-506
-1793
-638
1593
336
1180
-1846
663
1404
587
1931
-919
-593
-167
-1611
1562
1710
828
813
666
1902
1338
536
653
-790
1575
-1957
1324
1496
1444
-1755
557
927
197
1731
-1809
-551
-927
-60
-633
390
-1957
639
-298
321
-638
1090
1870
546
1065
-1490
-1730
-937
-708
-2044
1721
1132
738
495
587
928
602
1076
-737
214
-537
634
-1999
322
-1708
-1598
877
281
-382
-1130
1226
2010
-97
-1787
904
1546
-1508
651
1104
792
-973
-1047
-1656
839
311
-1656
-905
-1192
1273
-1935
-1661
-1248
1615
-12
-845
799
1690
-779
331
-2010
-67
784
-1307
1781
1343
1278
1898
375
301
-417
1527
-150
-199
-712
-1959
476
1664
-288
-671
-572
-398
-1632
-71
-111
915
-1200
-1611
866
-2007
854
-1976
-902
94
119
1454
1609
-1770
1670
-1668
-143
-199
96
2
-243
344
-1444
-457
-1838
1967
-991
92
1465
1383
1027
-848
1279
125
-553
671
1281
46
-1415
886
-953
1272
-1244
1692
126
-1890
664
-2033
-1146
1178
1818
-1393
-1354
-1135
728
1880
190
1332
-49
-1687
433
-152
682
1706
528
171
-621
37
-1276
1889
-976
845
-156
-319
209
-166
233
1454
-1589
-1399
2021
-1155
877
-532
-160
593
1209
-1354
1138
1360
-1455
1101
-495
-1775
-1558
-1914
-1459
-1988
-1912
1300
1169
795
-2024
1106
-93
8
-928
-381
-1813
-1580
849
1917
1743
-1605
-794
-1118
1852
1099
-603
1902
62
644
-1793
222
-1815
-2002
1289
-1986
-1724
-913
1098
201
-148
-423
472
-835
-304
544
1993
126
1280
-1582
1949
-1533
2013
-1856
-1083
1292
903
195
-227
1616
-1654
1292
-507
2000
-307
-790
-1209
-79
1079
1563
758
-1871
90
-1825
89
906
1364
-584
561
12
-1178
1985
1616
1163
476
-1617
-1345
-503
248
-1714
-338
1010
1286
1634
-1626
1153
827
-1774
1311
-435
67
-1565
1506
-1340
799
1935
-2022
1960
1937
546
-1771
1340
-275
-1938
-1010
1037
-788
-376
1839
-1114
326
-480
971
-390
92
1467
1409
1407
1961
-652
179
28
-1212
154
1770
-1031
2000
313
-316
1838
-1387
1924
1587
-909
803
-1502
1919
918
623
-1490
1041
-330
1926
-892
1213
1293
1706
-155
-1855
58
-1624
891
336
254
-738
-1613
-589
1199
1401
66
-975
2005
-58
648
-1637
104
-1113
1859
-975
1214
1617
486
1974
-572
625
843
-1000
1589
-977
1662
-479
205
-243
1479
1967
1803
-1638
-1395
1534
316
-1190
732
1224
-805
1722
943
1626
1154
-895
-77
-1040
-1720
-2035
1601
-785
-1726
1877
-206
1243
-1490
1158
-1430
969
-238
1334
1646
963
2001
495
1927
1890
674
-1944
-374
-1495
1134
-1443
38
-1652
1122
1035
1310
-1731
-1371
2007
321
-1796
-140
1835
1402
-1623
-742
-321
409
-1704
-635
1294
1021
859
-221
303
-906
-1553
-1216
-444
231
-1508
-1125
1949
-1269
790
1257
1463
1592
963
-189
470
222
395
-2007
-1056
-1034
1624
-205
1057
398
581
541
-1287
-694
690
1585
421
-369
473
1307
781
-203
561
-834
1511
1812
1588
1017
1866
1052
963
-1480
-1902
925
-952
-1407
1946
980
-1520
1947
1247
980
-1973
288
594
-1837
-1351
-1775
1189
394
-656
-979
-1687
1756
-1963
-1364
-777
-1083
744
591
494
-417
238
1252
743
-16
-150
1248
-515
-1657
1045
-1690
-961
-2041
-806
1684
1117
1936
1062
-753
-1813
288
-785
-1656
1588
1284
730
492
-781
-379
838
42
665
-1038
-848
1112
1940
729
-507
-1270
-155
1484
-119
-1996
-1515
1833
907
1635
1168
-24
1953
-528
946
553
910
228
-1427
-1690
-1021
765
346
2040
1312
46
540
-1239
868
-1803
1873
615
531
527
739
1281
1444
1635
1170
173
-342
-666
2006
-946
862
-555
-1212
1226
-20
198
-780
-901
936
396
1429
1790
-795
265
1340
-186
-672
-815
-464
-1500
-1148
829
-298
408
-1590
971
656
1646
1066
705
-944
-712
-1874
929
-1773
1110
-2022
533
1438
-2015
708
-2001
-41
-1644
-1136
-559
768
-189
-1338
-181
-2028
690
-1426
1207
1848
-66
142
595
1611
1734
-659
848
-1534
-902
-782
-1001
349
-918
-67
1393
-793
-1320
595
-606
1415
-1029
-1116
803
-1337
1085
1624
-1105
-28
-471
-1131
-894
-1713
1616
824
-1188
-1256
-1646
-224
-1875
1421
-466
1380
-108
104
1503
-776
1983
123
1050
1095
998
270
1226
1028
-1776
1337
-35
766
1007
-809
-1734
-1
-1827
-1910
1686
-548
-577
-1472
-1857
-884
-418
-1871
-114
-165
1228
-513
1184
-106
460
-401
-2015
833
-645
-1975
572
2042
561
-947
430
1594
-1139
-1951
-202
432
1211
654
674
768
-1144
1365
935
33
915
1671
-1250
177
-451
1953
162
398
1038
150
-1041
-650
783
1390
-803
597
