1257
-460
1488
1011
230
-1489
-1803
-1551
1413
2000
-1848
-1097
586
-1387
1515
-1158
786
1619
-653
-1783
1491
-857
987
-1401
-2022
-1641
539
-868
-379
1152
-598
1743
-1700
1260
-1351
-1248
1288
1270
365
1698
-1041
97
-1004
1441
-68
504
1937
-595
1414
-1359
675
1260
203
-1373
-1903
-895
-1850
-1331
232
123
181
-823
1496
1420
887
745
1405
594
-808
1346
-1046
834
273
137
-1987
1956
299
1194
252
1545
1763
-1072
-326
1883
391
1769
159
-1114
-2005
399
-1701
-755
1918
1529
1690
-1352
1846
1015
-524
1058
-1757
498
903
-1877
-1424
213
494
1429
-293
1875
-1247
67
886
-553
210
353
-1575
-1395
1005
-114
-637
1434
-650
1931
-1133
566
-1486
-1518
349
340
-1404
-307
-1086
411
-571
-1356
652
-1054
673
1101
121
1416
-711
-1439
-1384
-1430
-769
244
-623
-617
465
-1760
-992
558
1413
-2016
-1733
2004
1191
970
-1485
-550
-1575
48
-986
-1596
-1278
-721
-1575
1050
-198
428
1489
1
1297
610
-1270
1893
1068
87
-1547
2041
1589
1882
198
1721
1364
655
776
-876
1645
-1822
-723
1254
1885
161
-3
1233
1216
-1557
-962
-30
-1760
-1695
-1053
1796
-532
-1274
-214
1780
1395
1529
1413
-1409
1764
1672
562
-10
-1274
1063
-528
-1191
-727
-1204
-143
544
1434
372
-952
-709
-1686
568
-1202
1439
-540
1639
-844
565
1185
-1110
-61
193
-435
1359
1478
-1110
647
-1040
1502
-1204
455
-320
-204
-1868
-2020
34
-1224
1465
257
-947
-92
-319
442
895
1708
950
-1136
-1993
-1397
-1997
1107
-1844
460
-551
-615
-1390
-1241
1192
-242
1760
411
-408
-618
1239
-701
1150
-447
1824
-1353
-1076
1801
533
127
1004
1873
-1367
-812
-806
867
682
935
-52
-335
1943
417
-1043
1973
-1717
556
-1584
-999
-722
-932
143
-1570
1282
1717
2015
-1058
957
-1988
246
-1916
-1021
-861
-1808
-557
-296
76
831
-559
1931
1893
-1017
-12
-816
-851
93
1289
394
-498
-1730
-54
-131
-390
934
-561
1547
-161
1784
1434
-758
-748
-1600
-783
363
-456
1026
1516
1769
-750
111
-813
859
-1063
-1428
2041
1542
564
-28
-34
1212
1236
-1648
-865
-1352
1254
-617
-132
591
595
1453
941
-885
-1477
634
-754
-1940
1835
223
-604
-1024
1647
388
-358
-387
-785
-746
-348
565
1689
-413
1339
-1677
-1101
-780
-328
83
-1475
-646
1910
-1089
-412
1869
687
-375
483
723
68
582
927
1468
282
-250
1811
-779
916
-204
79
-1088
-1834
-1918
450
-76
11
-1818
-1820
-1050
-1583
-416
624
745
2010
1645
-1667
1644
1520
-462
795
-955
-1365
365
-304
-194
-116
-621
1740
-578
1996
-899
-1598
-1201
490
-1977
477
-1846
-389
-223
275
-1353
-23
1046
964
401
-187
-1131
-259
1384
-1494
227
1980
110
82
-1407
-964
-866
-659
185
1147
100
-674
-1398
-906
1702
276
937
-1664
656
-979
-755
1540
-1823
-863
1664
-1339
1401
969
-686
-1513
1496
1413
-512
908
-1170
-1320
161
1318
-1239
-1577
-1118
1560
153
-850
-1821
2001
1935
-229
1712
-871
-944
557
-1053
1136
-1758
1093
-264
624
-186
1646
79
1789
-59
-1300
-1335
301
602
754
-1717
25
-519
-280
-439
-1349
1057
102
-1326
-190
500
-124
-865
482
1255
-212
-628
-378
-984
1088
-218
-1052
276
-1940
202
1657
-895
430
-269
-959
-1597
-1762
1105
502
1995
-264
-357
35
-1212
416
-1640
1981
327
-1793
-1515
1005
370
1926
-331
1615
-462
423
1078
-1873
-1602
-701
-912
564
-757
-1504
-1169
-1035
-972
-7
-802
895
453
-1783
-1442
2046
-1287
-897
762
679
465
-718
-1908
-937
-1580
-1829
1449
476
1993
1993
1677
288
465
480
-291
439
407
1472
1355
-1101
-1917
-1556
906
-1490
107
272
1556
1984
-1774
-1969
1753
-232
-500
1935
1215
-512
1415
416
-1689
543
2023
952
57
394
387
-1691
-1480
-2029
496
-1562
-276
-619
-1018
-243
-1504
-88
119
991
-1341
1417
-1815
1870
62
-1410
835
-1336
1083
129
278
1572
560
-1970
804
552
-202
642
1964
-161
-1739
1247
559
836
1941
1332
634
2001
-1164
167
1730
-750
1728
-835
-505
-1190
687
-36
-1034
669
-686
1431
1270
-1697
1949
1031
130
-1189
861
860
-1908
-1198
-643
822
-1849
-1674
-209
1329
-1503
-1622
312
-410
1709
1608
865
330
1321
-1174
323
-1974
-369
527
-419
-409
-1969
-710
1173
889
-2027
1684
-1457
-569
1067
-1965
-1481
-656
795
1690
-1167
-498
-602
-1667
-266
1401
-1547
1725
1179
-563
701
981
513
-480
-426
1510
693
-826
1908
645
-1335
744
1396
1638
-1196
337
2010
2017
2019
-1597
673
98
-1339
