-1286
-5397
-5016
-5456
-6409
1724
2803
-1841
4062
1267
-2729
3440
2642
-1700
-939
-1064
5498
3387
3191
-715
-3939
3767
-197
-537
-1349
-904
8264
644
1207
-3464
3359
-4183
-203
1754
-1698
4278
-2226
1803
2627
-8637
-412
-2160
-2653
121
-4583
676
-3486
-2112
1737
2219
-4603
5556
1205
1058
-141
-439
3691
3327
1585
-3323
-988
-5546
1458
-1890
-2575
-1233
808
1554
-1299
2598
-2507
1991
2761
3025
-2736
757
2954
-1605
1807
1302
-2640
2339
-5967
-2273
-2148
-2702
5387
-3163
3046
-4257
5444
3372
-811
-4013
78
2533
-3906
3868
4154
3654
-579
4778
-412
5503
-260
603
-2370
2945
-1245
42
4436
368
-1874
3169
1987
1227
-1317
-3948
-3372
1085
-160
-2456
-1323
116
507
1740
797
7708
-93
5474
1532
2303
329
2084
-728
-1904
782
-7
1259
358
-380
-1126
-3610
-1601
2608
2907
-973
1809
-775
-2009
-6696
-4143
-1284
-1191
597
2419
-2687
-1582
1617
1263
-4760
-6396
-2111
-1331
17
-461
-1625
2616
327
1152
1894
-1064
-1435
-820
2470
-2368
-385
-4523
-594
-2779
1328
4079
445
1019
-2007
901
-5803
1896
-1040
-1141
2175
918
-1135
1625
-931
-1556
-4334
-2724
-4989
-4537
-307
-4608
-214
-2385
-3985
4859
-6171
-2588
3467
200
2012
-1001
7869
-5953
1002
-3449
3674
2539
-240
2266
14
1414
-2853
1614
-1527
-1240
-3713
2257
-3841
-4768
-204
-1025
-951
3124
-1083
3281
-896
384
-112
-139
-4698
2699
1308
-3137
1319
-799
4329
96
-1011
1084
5470
-4701
1413
4017
436
-3372
2159
1195
-4213
1793
-2834
2069
-24
784
4183
-2622
1485
-270
-8344
-2238
4694
4958
-4684
1596
-4988
-941
1226
1068
2567
2691
-5032
636
2256
1429
869
159
-29
-1266
-148
-3063
1611
-118
-4042
-1226
-3093
257
-353
715
570
269
-1847
1380
-1910
170
4323
661
3859
1993
-1973
4276
-2231
-32
1771
1742
2621
-2371
4576
3613
-853
-2907
669
914
1104
98
-3176
-9
2864
-3969
-949
1143
-944
3684
-482
1858
266
2317
-1193
610
4466
2650
-1209
-245
-3253
-69
2857
2943
-2088
3869
3052
765
2304
-2552
-209
1207
1072
1824
767
1969
1312
227
-2529
-1455
2086
3383
523
5680
3911
-3731
-2284
-1393
-8159
-853
346
2254
1701
-2492
400
-795
2116
-879
-1710
-779
-6633
1750
-1319
-269
2314
-1930
-1550
324
3241
-936
1092
-3350
-4739
-1070
1275
-1998
1832
686
-2565
-1879
-1327
3594
-194
3504
-753
-1024
2035
-713
2164
-1338
4300
1304
-1892
-3768
1395
522
2377
868
-826
-2724
-160
-3006
-2266
-854
2339
-4638
-2575
6043
636
-626
1996
4512
563
-716
2402
-2255
-3864
-394
1132
-1816
9224
2083
-73
439
3620
-5375
-2847
1105
1933
-2246
-1954
-1409
-1134
-275
3586
2173
-762
8857
1618
-1649
-2189
1868
-682
-1879
-667
95
-1710
234
2584
-1612
56
2149
-2997
1761
-5842
2642
4442
-1807
1155
-381
-2473
170
1534
1796
-2627
1890
2318
2434
-27
-3711
1310
-1716
1028
475
2172
595
-963
2034
-529
2397
-3384
-4214
3382
2745
2207
-1165
203
-1583
-732
1096
-547
-2894
-610
-4059
-3282
-5264
-2291
1336
-419
3412
-2651
1996
-1186
-3687
1989
-5319
-1587
-973
111
2581
-154
1815
-912
3313
-4177
-703
-1846
2723
-3632
-2696
-1662
-5390
3061
3645
-222
-228
327
-381
-1387
1070
-2854
1852
1024
-773
-899
-2138
3632
-2236
2485
-496
-481
628
143
-5775
345
-646
-1743
1418
3044
-3230
-1669
-6975
2424
-4277
-1539
761
-4658
5770
-1674
1549
905
5346
1565
2585
162
-3547
-4148
-1662
-4633
-5059
5581
162
572
169
-725
-2867
4070
3039
3128
209
4422
-31
5107
-3169
789
-8
2674
-1738
-5423
1239
-2615
-1194
3092
876
234
4563
3
-2341
-4096
-1092
1156
1400
-4141
-898
3745
-3404
2663
1080
-4215
662
218
3137
3540
-1538
-1086
-6937
3116
409
6108
-1787
510
2499
769
-629
-5250
-1311
1146
-1140
3191
-3750
-1839
-4284
-4398
-892
-1324
-1077
-247
-298
329
-2317
-1304
-925
-260
2396
-2825
771
-816
-2195
-1973
-1640
-656
-511
-1458
4220
-731
4299
2894
-992
-3282
-635
-4302
-252
-506
3821
-2339
3451
-1051
1207
-5269
5363
-5291
4171
7162
-4623
-58
3829
2971
-4435
-189
-1585
3114
-1993
-5183
-4663
-5890
-2373
-5086
-4074
922
-5523
-1911
-917
-1492
-2922
-903
-456
1600
-2498
-3958
4330
-3244
3926
1837
510
323
3019
4636
2724
1857
293
935
-1371
3330
-3459
830
63
-2072
-784
-1468
3587
916
-1493
-55
-4970
2691
1502
-4163
-2206
-736
1047
-3669
2236
-297
4311
-659
4323
248
3497
1548
-3293
2554
2547
-1769
-261
1359
3419
1987
-467
5018
2934
-3827
-6910
1276
-2396
437
-1488
4762
-1314
-1311
2076
-955
-585
4648
-530
-662
90
1408
602
-2723
-1162
879
2732
-3407
4883
2579
1637
-3149
628
