-80
-337
-314
-341
-400
108
176
-115
255
80
-171
216
166
-106
-58
-67
344
212
200
-46
-245
235
-12
-34
-85
-56
516
40
75
-216
210
-262
-12
110
-107
268
-140
113
165
-540
-26
-135
-166
8
-287
42
-219
-133
109
138
-287
348
75
66
-9
-27
230
207
99
-208
-61
-347
90
-117
-161
-76
50
97
-81
162
-156
124
173
189
-171
47
185
-100
113
82
-166
147
-373
-142
-134
-169
335
-199
190
-266
340
210
-50
-251
4
158
-244
241
259
228
-36
298
-27
342
-16
37
-147
185
-77
2
277
24
-117
198
124
77
-83
-247
-211
68
-10
-154
-82
7
32
108
51
482
-6
342
96
144
20
130
-46
-118
48
0
80
22
-24
-71
-226
-100
163
181
-61
114
-48
-125
-418
-260
-80
-76
39
150
-168
-100
101
78
-297
-401
-133
-84
1
-30
-101
164
21
72
118
-66
-90
-52
156
-148
-25
-282
-37
-174
83
255
28
64
-125
56
-362
118
-66
-71
135
57
-72
102
-58
-97
-270
-171
-312
-283
-20
-287
-13
-150
-250
305
-386
-162
217
12
127
-63
491
-372
63
-214
229
158
-15
141
0
89
-179
101
-95
-77
-232
142
-240
-298
-13
-64
-59
194
-68
206
-57
24
-8
-9
-294
169
82
-196
82
-50
270
6
-63
67
342
-294
88
251
27
-211
136
74
-262
113
-177
130
-1
49
263
-164
91
-18
-521
-140
292
310
-293
100
-311
-59
77
66
160
168
-315
40
141
89
55
10
-1
-80
-10
-191
100
-7
-253
-77
-194
16
-22
44
36
17
-116
86
-119
11
270
41
241
124
-123
267
-139
-3
111
109
164
-148
285
224
-54
-182
43
58
69
5
-199
0
179
-247
-58
71
-59
230
-30
117
17
144
-74
38
279
166
-75
-15
-204
-4
179
185
-131
242
190
48
144
-159
-13
76
66
114
49
123
82
14
-159
-91
131
211
33
356
245
-233
-143
-87
-510
-53
22
142
107
-157
25
-50
133
-55
-106
-49
-415
109
-82
-16
144
-121
-96
21
203
-58
68
-210
-297
-67
80
-125
114
42
-161
-117
-83
225
-11
219
-47
-64
127
-44
136
-85
269
82
-118
-236
87
34
148
53
-52
-169
-9
-188
-142
-53
145
-289
-160
378
40
-39
126
282
34
-45
150
-140
-241
-24
70
-112
576
131
-5
28
227
-336
-178
68
120
-141
-122
-88
-71
-18
224
136
-48
554
102
-103
-136
117
-42
-117
-42
5
-107
15
161
-101
4
134
-188
111
-366
165
277
-112
73
-24
-155
10
95
113
-165
119
145
153
-3
-233
82
-107
64
30
135
37
-60
127
-34
149
-211
-264
211
172
138
-73
13
-99
-46
68
-35
-180
-38
-254
-205
-329
-144
84
-25
213
-165
124
-75
-231
124
-332
-99
-60
8
161
-9
114
-57
208
-261
-43
-115
170
-226
-169
-104
-337
191
229
-13
-14
19
-24
-87
66
-179
116
64
-49
-56
-133
227
-139
155
-31
-30
39
9
-361
21
-41
-109
89
190
-202
-105
-435
151
-268
-96
47
-292
360
-104
96
57
334
98
162
10
-220
-258
-103
-291
-317
348
11
35
10
-45
-180
254
190
195
13
277
-1
319
-197
50
1
167
-108
-339
77
-163
-75
193
54
14
286
1
-146
-257
-68
72
87
-258
-56
234
-213
168
68
-264
41
13
197
222
-96
-68
-434
194
27
383
-111
31
156
48
-39
-328
-82
72
-72
199
-235
-116
-267
-275
-55
-82
-66
-16
-19
20
-144
-81
-58
-17
150
-176
47
-51
-138
-123
-102
-42
-33
-91
265
-46
268
181
-62
-206
-39
-269
-16
-32
239
-146
215
-66
76
-329
336
-331
261
448
-290
-4
239
185
-278
-11
-99
196
-124
-324
-291
-369
-149
-318
-254
57
-346
-120
-57
-94
-183
-57
-28
100
-155
-247
270
-202
246
115
32
21
190
291
170
116
18
57
-87
208
-216
52
4
-130
-49
-93
225
56
-94
-4
-311
168
94
-261
-139
-46
65
-230
139
-18
269
-42
270
15
218
97
-206
159
160
-110
-16
86
214
126
-29
314
184
-239
-431
79
-150
26
-93
297
-82
-82
131
-59
-36
290
-34
-41
5
88
37
-170
-73
54
170
-212
305
160
102
-197
39
